th   par   nrr   aver
0  0.999667  0.401333  0.7005
0.001  0.999667  0.406  0.702833
0.002  0.999667  0.41  0.704833
0.003  0.999667  0.412333  0.706
0.004  0.999667  0.414667  0.707167
0.005  0.999667  0.417667  0.708667
0.006  0.999667  0.419667  0.709667
0.007  0.999667  0.423  0.711333
0.008  0.999667  0.425  0.712333
0.009  0.999667  0.427333  0.7135
0.01  0.999667  0.428667  0.714167
0.011  0.999667  0.433  0.716333
0.012  0.999333  0.435667  0.7175
0.013  0.999333  0.439667  0.7195
0.014  0.999333  0.442667  0.721
0.015  0.999333  0.444667  0.722
0.016  0.999333  0.447  0.723167
0.017  0.999333  0.451  0.725167
0.018  0.999333  0.453333  0.726333
0.019  0.999333  0.456667  0.728
0.02  0.999333  0.459333  0.729333
0.021  0.999333  0.461333  0.730333
0.022  0.999333  0.464  0.731667
0.023  0.999333  0.466333  0.732833
0.024  0.999333  0.470667  0.735
0.025  0.999333  0.474  0.736667
0.026  0.999333  0.477  0.738167
0.027  0.999333  0.483  0.741167
0.028  0.999333  0.484  0.741667
0.029  0.999333  0.486333  0.742833
0.03  0.999333  0.491667  0.7455
0.031  0.999333  0.493667  0.7465
0.032  0.999333  0.497  0.748167
0.033  0.999333  0.5  0.749667
0.034  0.999333  0.503667  0.7515
0.035  0.999333  0.507667  0.7535
0.036  0.999333  0.51  0.754667
0.037  0.999333  0.513333  0.756333
0.038  0.999333  0.517333  0.758333
0.039  0.999333  0.519667  0.7595
0.04  0.999333  0.525333  0.762333
0.041  0.999  0.529  0.764
0.042  0.999  0.533333  0.766167
0.043  0.999  0.536  0.7675
0.044  0.999  0.54  0.7695
0.045  0.999  0.543  0.771
0.046  0.998667  0.546667  0.772667
0.047  0.998667  0.550667  0.774667
0.048  0.998667  0.555  0.776833
0.049  0.998667  0.557667  0.778167
0.05  0.998667  0.559667  0.779167
0.051  0.998667  0.562333  0.7805
0.052  0.998333  0.566  0.782167
0.053  0.998333  0.57  0.784167
0.054  0.998333  0.574  0.786167
0.055  0.998333  0.575667  0.787
0.056  0.998333  0.577667  0.788
0.057  0.998333  0.581667  0.79
0.058  0.998333  0.583  0.790667
0.059  0.998333  0.585667  0.792
0.06  0.998333  0.588  0.793167
0.061  0.998  0.591333  0.794667
0.062  0.998  0.594  0.796
0.063  0.998  0.596667  0.797333
0.064  0.998  0.599333  0.798667
0.065  0.998  0.601  0.7995
0.066  0.998  0.604667  0.801333
0.067  0.998  0.606667  0.802333
0.068  0.998  0.609  0.8035
0.069  0.998  0.611  0.8045
0.07  0.998  0.612333  0.805167
0.071  0.998  0.615333  0.806667
0.072  0.998  0.617  0.8075
0.073  0.998  0.622  0.81
0.074  0.997667  0.624667  0.811167
0.075  0.997667  0.627333  0.8125
0.076  0.997333  0.63  0.813667
0.077  0.997333  0.632667  0.815
0.078  0.997333  0.634667  0.816
0.079  0.997  0.636333  0.816667
0.08  0.997  0.639333  0.818167
0.081  0.997  0.641667  0.819333
0.082  0.997  0.644333  0.820667
0.083  0.997  0.646667  0.821833
0.084  0.997  0.649333  0.823167
0.085  0.996667  0.652667  0.824667
0.086  0.996667  0.654667  0.825667
0.087  0.996667  0.658667  0.827667
0.088  0.996333  0.661  0.828667
0.089  0.996333  0.663  0.829667
0.09  0.996333  0.665667  0.831
0.091  0.996333  0.667333  0.831833
0.092  0.996333  0.670333  0.833333
0.093  0.996333  0.671667  0.834
0.094  0.996333  0.674  0.835167
0.095  0.996333  0.675667  0.836
0.096  0.996333  0.678333  0.837333
0.097  0.996333  0.680667  0.8385
0.098  0.996333  0.684333  0.840333
0.099  0.996333  0.687333  0.841833
0.1  0.996  0.691333  0.843667
0.101  0.996  0.695  0.8455
0.102  0.996  0.698  0.847
0.103  0.996  0.701  0.8485
0.104  0.995667  0.703667  0.849667
0.105  0.995667  0.705333  0.8505
0.106  0.995333  0.709333  0.852333
0.107  0.995333  0.712  0.853667
0.108  0.995333  0.714  0.854667
0.109  0.995333  0.717333  0.856333
0.11  0.995333  0.719667  0.8575
0.111  0.995333  0.722  0.858667
0.112  0.995333  0.722667  0.859
0.113  0.995333  0.725667  0.8605
0.114  0.995333  0.727667  0.8615
0.115  0.995333  0.730333  0.862833
0.116  0.995333  0.732333  0.863833
0.117  0.995333  0.734667  0.865
0.118  0.995  0.737667  0.866333
0.119  0.995  0.743  0.869
0.12  0.995  0.746333  0.870667
0.121  0.995  0.748  0.8715
0.122  0.995  0.750333  0.872667
0.123  0.995  0.752  0.8735
0.124  0.995  0.754333  0.874667
0.125  0.995  0.755667  0.875333
0.126  0.995  0.757667  0.876333
0.127  0.995  0.759667  0.877333
0.128  0.995  0.763333  0.879167
0.129  0.994667  0.765333  0.88
0.13  0.994667  0.767667  0.881167
0.131  0.994667  0.769333  0.882
0.132  0.994667  0.771333  0.883
0.133  0.994667  0.773667  0.884167
0.134  0.994667  0.776667  0.885667
0.135  0.994667  0.779333  0.887
0.136  0.994667  0.780333  0.8875
0.137  0.994333  0.783  0.888667
0.138  0.994333  0.785667  0.89
0.139  0.994333  0.788667  0.8915
0.14  0.994333  0.790333  0.892333
0.141  0.994333  0.793  0.893667
0.142  0.994333  0.794  0.894167
0.143  0.994333  0.796333  0.895333
0.144  0.994333  0.799333  0.896833
0.145  0.994333  0.800667  0.8975
0.146  0.994333  0.803333  0.898833
0.147  0.994333  0.805  0.899667
0.148  0.994333  0.807667  0.901
0.149  0.994  0.808  0.901
0.15  0.994  0.811333  0.902667
0.151  0.994  0.813  0.9035
0.152  0.994  0.815333  0.904667
0.153  0.994  0.816667  0.905333
0.154  0.994  0.818667  0.906333
0.155  0.994  0.821  0.9075
0.156  0.994  0.824  0.909
0.157  0.993667  0.826333  0.91
0.158  0.993333  0.828667  0.911
0.159  0.993  0.831  0.912
0.16  0.993  0.833  0.913
0.161  0.992667  0.835  0.913833
0.162  0.992667  0.835667  0.914167
0.163  0.992333  0.838  0.915167
0.164  0.992333  0.839667  0.916
0.165  0.992333  0.841667  0.917
0.166  0.992333  0.843333  0.917833
0.167  0.992333  0.845333  0.918833
0.168  0.992333  0.846  0.919167
0.169  0.992333  0.846667  0.9195
0.17  0.992333  0.847333  0.919833
0.171  0.992333  0.849333  0.920833
0.172  0.992333  0.852333  0.922333
0.173  0.992333  0.854  0.923167
0.174  0.992  0.855  0.9235
0.175  0.992  0.856667  0.924333
0.176  0.992  0.857333  0.924667
0.177  0.992  0.860333  0.926167
0.178  0.992  0.861667  0.926833
0.179  0.992  0.864  0.928
0.18  0.992  0.865  0.9285
0.181  0.992  0.865667  0.928833
0.182  0.991333  0.866667  0.929
0.183  0.991  0.868333  0.929667
0.184  0.990667  0.869333  0.93
0.185  0.990667  0.870333  0.9305
0.186  0.990333  0.872  0.931167
0.187  0.990333  0.874  0.932167
0.188  0.99  0.875333  0.932667
0.189  0.99  0.877333  0.933667
0.19  0.99  0.878333  0.934167
0.191  0.99  0.879  0.9345
0.192  0.99  0.88  0.935
0.193  0.99  0.882  0.936
0.194  0.989667  0.883667  0.936667
0.195  0.989667  0.884667  0.937167
0.196  0.989667  0.887  0.938333
0.197  0.989333  0.888667  0.939
0.198  0.989333  0.891333  0.940333
0.199  0.989  0.892  0.9405
0.2  0.989  0.893667  0.941333
0.201  0.988667  0.894667  0.941667
0.202  0.988333  0.896667  0.9425
0.203  0.988333  0.898333  0.943333
0.204  0.988333  0.899333  0.943833
0.205  0.988333  0.901333  0.944833
0.206  0.988333  0.903  0.945667
0.207  0.988333  0.904  0.946167
0.208  0.988  0.905333  0.946667
0.209  0.988  0.905667  0.946833
0.21  0.988  0.906667  0.947333
0.211  0.988  0.907  0.9475
0.212  0.988  0.908  0.948
0.213  0.988  0.909333  0.948667
0.214  0.987667  0.911  0.949333
0.215  0.987667  0.912667  0.950167
0.216  0.987333  0.913667  0.9505
0.217  0.987  0.914667  0.950833
0.218  0.987  0.915333  0.951167
0.219  0.987  0.916333  0.951667
0.22  0.987  0.917  0.952
0.221  0.986667  0.918  0.952333
0.222  0.986667  0.919  0.952833
0.223  0.986667  0.919333  0.953
0.224  0.986333  0.919667  0.953
0.225  0.986333  0.920667  0.9535
0.226  0.986333  0.921333  0.953833
0.227  0.986  0.922667  0.954333
0.228  0.986  0.924  0.955
0.229  0.986  0.926  0.956
0.23  0.986  0.926667  0.956333
0.231  0.986  0.927333  0.956667
0.232  0.986  0.928667  0.957333
0.233  0.986  0.93  0.958
0.234  0.985667  0.930667  0.958167
0.235  0.985667  0.931  0.958333
0.236  0.985667  0.931667  0.958667
0.237  0.985  0.932333  0.958667
0.238  0.985  0.933  0.959
0.239  0.984667  0.934333  0.9595
0.24  0.984  0.935  0.9595
0.241  0.983667  0.936  0.959833
0.242  0.983667  0.936333  0.96
0.243  0.983667  0.937667  0.960667
0.244  0.983667  0.938333  0.961
0.245  0.983333  0.938667  0.961
0.246  0.982667  0.94  0.961333
0.247  0.982667  0.940333  0.9615
0.248  0.982333  0.941  0.961667
0.249  0.982  0.942667  0.962333
0.25  0.981  0.943333  0.962167
0.251  0.981  0.944  0.9625
0.252  0.980333  0.944  0.962167
0.253  0.98  0.944667  0.962333
0.254  0.979667  0.945333  0.9625
0.255  0.979667  0.945333  0.9625
0.256  0.979333  0.945667  0.9625
0.257  0.979333  0.945667  0.9625
0.258  0.978667  0.946  0.962333
0.259  0.978667  0.946667  0.962667
0.26  0.978667  0.946667  0.962667
0.261  0.978333  0.947333  0.962833
0.262  0.978  0.948  0.963
0.263  0.977333  0.948333  0.962833
0.264  0.977  0.95  0.9635
0.265  0.976667  0.951  0.963833
0.266  0.976333  0.952  0.964167
0.267  0.976333  0.952667  0.9645
0.268  0.976  0.953  0.9645
0.269  0.975667  0.954333  0.965
0.27  0.975667  0.954667  0.965167
0.271  0.975333  0.955333  0.965333
0.272  0.975333  0.956333  0.965833
0.273  0.975333  0.956667  0.966
0.274  0.975333  0.956667  0.966
0.275  0.975333  0.957667  0.9665
0.276  0.975333  0.958667  0.967
0.277  0.975  0.959333  0.967167
0.278  0.974667  0.959333  0.967
0.279  0.974333  0.959333  0.966833
0.28  0.973667  0.96  0.966833
0.281  0.973333  0.960333  0.966833
0.282  0.973333  0.961  0.967167
0.283  0.973333  0.961333  0.967333
0.284  0.973  0.962  0.9675
0.285  0.972667  0.962  0.967333
0.286  0.972667  0.962333  0.9675
0.287  0.972667  0.962667  0.967667
0.288  0.972  0.963  0.9675
0.289  0.971667  0.963333  0.9675
0.29  0.971333  0.963333  0.967333
0.291  0.971  0.963333  0.967167
0.292  0.970667  0.963333  0.967
0.293  0.970333  0.963333  0.966833
0.294  0.969667  0.964  0.966833
0.295  0.969333  0.965  0.967167
0.296  0.968333  0.966333  0.967333
0.297  0.968333  0.967  0.967667
0.298  0.968333  0.967333  0.967833
0.299  0.967667  0.968333  0.968
0.3  0.967333  0.969  0.968167
0.301  0.967333  0.969667  0.9685
0.302  0.966667  0.970333  0.9685
0.303  0.966333  0.971333  0.968833
0.304  0.966  0.971667  0.968833
0.305  0.965333  0.972  0.968667
0.306  0.965  0.972333  0.968667
0.307  0.964667  0.972333  0.9685
0.308  0.964  0.972333  0.968167
0.309  0.962667  0.973  0.967833
0.31  0.962667  0.973  0.967833
0.311  0.962667  0.973  0.967833
0.312  0.962667  0.974  0.968333
0.313  0.962667  0.974667  0.968667
0.314  0.961333  0.975667  0.9685
0.315  0.961  0.976  0.9685
0.316  0.960667  0.976  0.968333
0.317  0.960667  0.976667  0.968667
0.318  0.960667  0.977  0.968833
0.319  0.960333  0.977  0.968667
0.32  0.960333  0.977333  0.968833
0.321  0.960333  0.977333  0.968833
0.322  0.959667  0.977333  0.9685
0.323  0.959  0.978  0.9685
0.324  0.958667  0.978  0.968333
0.325  0.958  0.978  0.968
0.326  0.958  0.978667  0.968333
0.327  0.958  0.979333  0.968667
0.328  0.957667  0.979667  0.968667
0.329  0.957333  0.98  0.968667
0.33  0.957  0.98  0.9685
0.331  0.957  0.98  0.9685
0.332  0.956  0.980333  0.968167
0.333  0.955333  0.980667  0.968
0.334  0.954667  0.981  0.967833
0.335  0.954333  0.981  0.967667
0.336  0.954  0.981333  0.967667
0.337  0.954  0.981667  0.967833
0.338  0.953667  0.981667  0.967667
0.339  0.953333  0.982  0.967667
0.34  0.953  0.982333  0.967667
0.341  0.952667  0.982333  0.9675
0.342  0.952  0.982667  0.967333
0.343  0.951667  0.983333  0.9675
0.344  0.951  0.983333  0.967167
0.345  0.950333  0.983333  0.966833
0.346  0.949667  0.984  0.966833
0.347  0.949333  0.984667  0.967
0.348  0.949  0.984667  0.966833
0.349  0.949  0.984667  0.966833
0.35  0.948667  0.984667  0.966667
0.351  0.948667  0.985  0.966833
0.352  0.948667  0.986333  0.9675
0.353  0.947667  0.987  0.967333
0.354  0.946667  0.987667  0.967167
0.355  0.946333  0.987667  0.967
0.356  0.946  0.988  0.967
0.357  0.945333  0.988  0.966667
0.358  0.945333  0.988  0.966667
0.359  0.945  0.988  0.9665
0.36  0.944667  0.988  0.966333
0.361  0.944333  0.988  0.966167
0.362  0.944  0.988  0.966
0.363  0.943667  0.988  0.965833
0.364  0.942667  0.988333  0.9655
0.365  0.942667  0.988667  0.965667
0.366  0.942333  0.988667  0.9655
0.367  0.942  0.989333  0.965667
0.368  0.942  0.989333  0.965667
0.369  0.941333  0.989333  0.965333
0.37  0.941  0.989667  0.965333
0.371  0.940667  0.989667  0.965167
0.372  0.939333  0.99  0.964667
0.373  0.939333  0.99  0.964667
0.374  0.939  0.99  0.9645
0.375  0.938667  0.99  0.964333
0.376  0.938  0.99  0.964
0.377  0.936333  0.99  0.963167
0.378  0.935667  0.99  0.962833
0.379  0.934667  0.990333  0.9625
0.38  0.934333  0.990333  0.962333
0.381  0.933667  0.990333  0.962
0.382  0.932667  0.990667  0.961667
0.383  0.932333  0.990667  0.9615
0.384  0.931333  0.990667  0.961
0.385  0.931333  0.991  0.961167
0.386  0.930667  0.991333  0.961
0.387  0.930333  0.991333  0.960833
0.388  0.930333  0.991333  0.960833
0.389  0.930333  0.991667  0.961
0.39  0.930333  0.991667  0.961
0.391  0.93  0.991667  0.960833
0.392  0.928333  0.991667  0.96
0.393  0.927333  0.991667  0.9595
0.394  0.926  0.992  0.959
0.395  0.924333  0.992667  0.9585
0.396  0.924  0.993  0.9585
0.397  0.924  0.993  0.9585
0.398  0.923667  0.993  0.958333
0.399  0.922667  0.993  0.957833
0.4  0.921  0.993  0.957
0.401  0.92  0.993  0.9565
0.402  0.92  0.993  0.9565
0.403  0.919333  0.993333  0.956333
0.404  0.919  0.993333  0.956167
0.405  0.918667  0.993667  0.956167
0.406  0.918  0.993667  0.955833
0.407  0.917333  0.994  0.955667
0.408  0.916  0.994  0.955
0.409  0.915  0.994333  0.954667
0.41  0.914333  0.994333  0.954333
0.411  0.913667  0.994333  0.954
0.412  0.913333  0.994667  0.954
0.413  0.913  0.994667  0.953833
0.414  0.912667  0.994667  0.953667
0.415  0.911333  0.994667  0.953
0.416  0.910667  0.995  0.952833
0.417  0.910333  0.995  0.952667
0.418  0.908667  0.995  0.951833
0.419  0.908  0.995667  0.951833
0.42  0.907  0.995667  0.951333
0.421  0.905667  0.995667  0.950667
0.422  0.904667  0.995667  0.950167
0.423  0.904  0.995667  0.949833
0.424  0.902667  0.995667  0.949167
0.425  0.900333  0.996  0.948167
0.426  0.898667  0.996  0.947333
0.427  0.898  0.996  0.947
0.428  0.896333  0.996  0.946167
0.429  0.895667  0.996  0.945833
0.43  0.895  0.996333  0.945667
0.431  0.893667  0.996667  0.945167
0.432  0.892  0.997  0.9445
0.433  0.890667  0.997  0.943833
0.434  0.890333  0.997333  0.943833
0.435  0.888333  0.997333  0.942833
0.436  0.888  0.997333  0.942667
0.437  0.888  0.997333  0.942667
0.438  0.886667  0.997333  0.942
0.439  0.885667  0.997333  0.9415
0.44  0.884  0.997333  0.940667
0.441  0.882333  0.997667  0.94
0.442  0.881  0.997667  0.939333
0.443  0.880333  0.997667  0.939
0.444  0.879333  0.997667  0.9385
0.445  0.878  0.997667  0.937833
0.446  0.877  0.997667  0.937333
0.447  0.876  0.997667  0.936833
0.448  0.874  0.997667  0.935833
0.449  0.872667  0.997667  0.935167
0.45  0.870667  0.997667  0.934167
0.451  0.868333  0.997667  0.933
0.452  0.865667  0.997667  0.931667
0.453  0.863667  0.997667  0.930667
0.454  0.862333  0.997667  0.93
0.455  0.860667  0.997667  0.929167
0.456  0.859333  0.997667  0.9285
0.457  0.858333  0.997667  0.928
0.458  0.858  0.997667  0.927833
0.459  0.857  0.998  0.9275
0.46  0.855667  0.998  0.926833
0.461  0.854333  0.998  0.926167
0.462  0.852667  0.998333  0.9255
0.463  0.852  0.998333  0.925167
0.464  0.851  0.998333  0.924667
0.465  0.849333  0.998333  0.923833
0.466  0.847667  0.998333  0.923
0.467  0.845333  0.998333  0.921833
0.468  0.844  0.998333  0.921167
0.469  0.843333  0.998333  0.920833
0.47  0.842667  0.998333  0.9205
0.471  0.842  0.998333  0.920167
0.472  0.841  0.998333  0.919667
0.473  0.840333  0.998333  0.919333
0.474  0.838333  0.998333  0.918333
0.475  0.837  0.998333  0.917667
0.476  0.835333  0.998333  0.916833
0.477  0.834333  0.998333  0.916333
0.478  0.832333  0.998333  0.915333
0.479  0.831333  0.998333  0.914833
0.48  0.83  0.998333  0.914167
0.481  0.828333  0.998333  0.913333
0.482  0.825667  0.998667  0.912167
0.483  0.824  0.998667  0.911333
0.484  0.822333  0.998667  0.9105
0.485  0.821667  0.998667  0.910167
0.486  0.821333  0.998667  0.91
0.487  0.82  0.998667  0.909333
0.488  0.817333  0.998667  0.908
0.489  0.816333  0.998667  0.9075
0.49  0.814  0.998667  0.906333
0.491  0.812333  0.999  0.905667
0.492  0.81  0.999  0.9045
0.493  0.809  0.999  0.904
0.494  0.807  0.999  0.903
0.495  0.806333  0.999  0.902667
0.496  0.804333  0.999  0.901667
0.497  0.802333  0.999  0.900667
0.498  0.802  0.999  0.9005
0.499  0.801333  0.999  0.900167
0.5  0.799667  0.999  0.899333
0.501  0.797667  0.999  0.898333
0.502  0.796  0.999  0.8975
0.503  0.793667  0.999  0.896333
0.504  0.792667  0.999  0.895833
0.505  0.790333  0.999  0.894667
0.506  0.787667  0.999  0.893333
0.507  0.785333  0.999  0.892167
0.508  0.783  0.999  0.891
0.509  0.781  0.999  0.89
0.51  0.78  0.999  0.8895
0.511  0.778  0.999  0.8885
0.512  0.776  0.999  0.8875
0.513  0.774  0.999  0.8865
0.514  0.772  0.999  0.8855
0.515  0.77  0.999  0.8845
0.516  0.768333  0.999  0.883667
0.517  0.765667  0.999  0.882333
0.518  0.764667  0.999  0.881833
0.519  0.763333  0.999  0.881167
0.52  0.76  0.999  0.8795
0.521  0.758667  0.999  0.878833
0.522  0.756667  0.999  0.877833
0.523  0.755333  0.999  0.877167
0.524  0.754667  0.999  0.876833
0.525  0.753667  0.999  0.876333
0.526  0.753333  0.999  0.876167
0.527  0.751  0.999  0.875
0.528  0.749333  0.999  0.874167
0.529  0.747667  0.999  0.873333
0.53  0.745333  0.999  0.872167
0.531  0.744667  0.999  0.871833
0.532  0.743333  0.999  0.871167
0.533  0.741  0.999  0.87
0.534  0.737333  0.999  0.868167
0.535  0.734667  0.999  0.866833
0.536  0.733  0.999  0.866
0.537  0.729333  0.999  0.864167
0.538  0.728  0.999  0.8635
0.539  0.726  0.999  0.8625
0.54  0.724333  0.999  0.861667
0.541  0.722667  0.999  0.860833
0.542  0.720333  0.999  0.859667
0.543  0.718  0.999  0.8585
0.544  0.717  0.999333  0.858167
0.545  0.716  0.999333  0.857667
0.546  0.713333  0.999333  0.856333
0.547  0.711  0.999333  0.855167
0.548  0.708  0.999333  0.853667
0.549  0.706667  0.999333  0.853
0.55  0.704333  0.999333  0.851833
0.551  0.702333  0.999333  0.850833
0.552  0.7  0.999333  0.849667
0.553  0.699  0.999333  0.849167
0.554  0.698  0.999333  0.848667
0.555  0.696  0.999333  0.847667
0.556  0.692667  0.999333  0.846
0.557  0.691  0.999333  0.845167
0.558  0.688667  0.999333  0.844
0.559  0.687333  0.999333  0.843333
0.56  0.685  0.999333  0.842167
0.561  0.682333  0.999333  0.840833
0.562  0.680333  0.999333  0.839833
0.563  0.677667  0.999333  0.8385
0.564  0.674667  0.999333  0.837
0.565  0.672667  0.999333  0.836
0.566  0.668667  0.999333  0.834
0.567  0.665  0.999333  0.832167
0.568  0.663  0.999333  0.831167
0.569  0.661  0.999333  0.830167
0.57  0.657333  0.999333  0.828333
0.571  0.655667  0.999333  0.8275
0.572  0.652667  0.999333  0.826
0.573  0.650667  0.999333  0.825
0.574  0.647333  0.999333  0.823333
0.575  0.645333  0.999333  0.822333
0.576  0.643  0.999333  0.821167
0.577  0.639  0.999333  0.819167
0.578  0.636667  0.999333  0.818
0.579  0.633  0.999333  0.816167
0.58  0.630667  0.999333  0.815
0.581  0.627667  0.999333  0.8135
0.582  0.624333  0.999667  0.812
0.583  0.621333  0.999667  0.8105
0.584  0.619667  0.999667  0.809667
0.585  0.618  0.999667  0.808833
0.586  0.616  0.999667  0.807833
0.587  0.612667  0.999667  0.806167
0.588  0.611  0.999667  0.805333
0.589  0.609667  0.999667  0.804667
0.59  0.606667  0.999667  0.803167
0.591  0.602667  0.999667  0.801167
0.592  0.598667  0.999667  0.799167
0.593  0.597  0.999667  0.798333
0.594  0.594667  0.999667  0.797167
0.595  0.589333  0.999667  0.7945
0.596  0.586333  0.999667  0.793
0.597  0.583667  0.999667  0.791667
0.598  0.581  0.999667  0.790333
0.599  0.578667  0.999667  0.789167
0.6  0.576333  0.999667  0.788
0.601  0.572333  0.999667  0.786
0.602  0.570333  0.999667  0.785
0.603  0.567  0.999667  0.783333
0.604  0.564333  0.999667  0.782
0.605  0.563333  0.999667  0.7815
0.606  0.559667  0.999667  0.779667
0.607  0.558333  0.999667  0.779
0.608  0.555  0.999667  0.777333
0.609  0.553  0.999667  0.776333
0.61  0.549  0.999667  0.774333
0.611  0.546667  0.999667  0.773167
0.612  0.543333  0.999667  0.7715
0.613  0.538667  0.999667  0.769167
0.614  0.536  0.999667  0.767833
0.615  0.534  0.999667  0.766833
0.616  0.531333  0.999667  0.7655
0.617  0.527667  0.999667  0.763667
0.618  0.523  0.999667  0.761333
0.619  0.519  0.999667  0.759333
0.62  0.516667  0.999667  0.758167
0.621  0.512333  0.999667  0.756
0.622  0.509667  0.999667  0.754667
0.623  0.507  0.999667  0.753333
0.624  0.503333  0.999667  0.7515
0.625  0.500667  0.999667  0.750167
0.626  0.497333  0.999667  0.7485
0.627  0.493667  0.999667  0.746667
0.628  0.49  0.999667  0.744833
0.629  0.487667  0.999667  0.743667
0.63  0.485  0.999667  0.742333
0.631  0.482333  0.999667  0.741
0.632  0.480333  0.999667  0.74
0.633  0.478  0.999667  0.738833
0.634  0.474333  0.999667  0.737
0.635  0.472333  0.999667  0.736
0.636  0.468667  0.999667  0.734167
0.637  0.465667  0.999667  0.732667
0.638  0.462333  0.999667  0.731
0.639  0.457667  0.999667  0.728667
0.64  0.453667  0.999667  0.726667
0.641  0.45  0.999667  0.724833
0.642  0.445333  0.999667  0.7225
0.643  0.442  0.999667  0.720833
0.644  0.440333  0.999667  0.72
0.645  0.437667  0.999667  0.718667
0.646  0.433667  0.999667  0.716667
0.647  0.431667  1  0.715833
0.648  0.426667  1  0.713333
0.649  0.424333  1  0.712167
0.65  0.420667  1  0.710333
0.651  0.418667  1  0.709333
0.652  0.415  1  0.7075
0.653  0.412333  1  0.706167
0.654  0.410333  1  0.705167
0.655  0.406667  1  0.703333
0.656  0.404667  1  0.702333
0.657  0.402  1  0.701
0.658  0.399  1  0.6995
0.659  0.395  1  0.6975
0.66  0.393333  1  0.696667
0.661  0.389  1  0.6945
0.662  0.386667  1  0.693333
0.663  0.382333  1  0.691167
0.664  0.38  1  0.69
0.665  0.377667  1  0.688833
0.666  0.376  1  0.688
0.667  0.374  1  0.687
0.668  0.372  1  0.686
0.669  0.368333  1  0.684167
0.67  0.365667  1  0.682833
0.671  0.363  1  0.6815
0.672  0.358667  1  0.679333
0.673  0.355  1  0.6775
0.674  0.352  1  0.676
0.675  0.349667  1  0.674833
0.676  0.346667  1  0.673333
0.677  0.344667  1  0.672333
0.678  0.342333  1  0.671167
0.679  0.338  1  0.669
0.68  0.334333  1  0.667167
0.681  0.331333  1  0.665667
0.682  0.329  1  0.6645
0.683  0.326667  1  0.663333
0.684  0.324333  1  0.662167
0.685  0.321667  1  0.660833
0.686  0.319667  1  0.659833
0.687  0.315333  1  0.657667
0.688  0.313  1  0.6565
0.689  0.309  1  0.6545
0.69  0.307  1  0.6535
0.691  0.304333  1  0.652167
0.692  0.302667  1  0.651333
0.693  0.299667  1  0.649833
0.694  0.297  1  0.6485
0.695  0.294  1  0.647
0.696  0.292667  1  0.646333
0.697  0.290333  1  0.645167
0.698  0.287333  1  0.643667
0.699  0.284333  1  0.642167
0.7  0.280667  1  0.640333
0.701  0.275333  1  0.637667
0.702  0.273  1  0.6365
0.703  0.27  1  0.635
0.704  0.268333  1  0.634167
0.705  0.266333  1  0.633167
0.706  0.263333  1  0.631667
0.707  0.261  1  0.6305
0.708  0.258667  1  0.629333
0.709  0.256  1  0.628
0.71  0.253667  1  0.626833
0.711  0.251667  1  0.625833
0.712  0.248667  1  0.624333
0.713  0.245333  1  0.622667
0.714  0.243333  1  0.621667
0.715  0.241667  1  0.620833
0.716  0.24  1  0.62
0.717  0.238  1  0.619
0.718  0.236333  1  0.618167
0.719  0.233  1  0.6165
0.72  0.231333  1  0.615667
0.721  0.229333  1  0.614667
0.722  0.226667  1  0.613333
0.723  0.222333  1  0.611167
0.724  0.221  1  0.6105
0.725  0.218  1  0.609
0.726  0.214667  1  0.607333
0.727  0.211667  1  0.605833
0.728  0.208333  1  0.604167
0.729  0.204  1  0.602
0.73  0.202  1  0.601
0.731  0.199667  1  0.599833
0.732  0.197  1  0.5985
0.733  0.193667  1  0.596833
0.734  0.192  1  0.596
0.735  0.189333  1  0.594667
0.736  0.187  1  0.5935
0.737  0.185667  1  0.592833
0.738  0.183333  1  0.591667
0.739  0.179333  1  0.589667
0.74  0.175333  1  0.587667
0.741  0.173667  1  0.586833
0.742  0.172  1  0.586
0.743  0.169333  1  0.584667
0.744  0.167333  1  0.583667
0.745  0.165333  1  0.582667
0.746  0.163333  1  0.581667
0.747  0.161333  1  0.580667
0.748  0.158333  1  0.579167
0.749  0.157333  1  0.578667
0.75  0.153667  1  0.576833
0.751  0.153  1  0.5765
0.752  0.150667  1  0.575333
0.753  0.15  1  0.575
0.754  0.149  1  0.5745
0.755  0.147333  1  0.573667
0.756  0.145667  1  0.572833
0.757  0.143333  1  0.571667
0.758  0.140333  1  0.570167
0.759  0.138  1  0.569
0.76  0.136  1  0.568
0.761  0.134667  1  0.567333
0.762  0.133333  1  0.566667
0.763  0.131333  1  0.565667
0.764  0.128  1  0.564
0.765  0.126333  1  0.563167
0.766  0.124667  1  0.562333
0.767  0.122333  1  0.561167
0.768  0.120667  1  0.560333
0.769  0.118333  1  0.559167
0.77  0.116  1  0.558
0.771  0.114  1  0.557
0.772  0.110333  1  0.555167
0.773  0.109333  1  0.554667
0.774  0.107667  1  0.553833
0.775  0.105667  1  0.552833
0.776  0.104  1  0.552
0.777  0.102  1  0.551
0.778  0.101  1  0.5505
0.779  0.100333  1  0.550167
0.78  0.099  1  0.5495
0.781  0.098  1  0.549
0.782  0.096  1  0.548
0.783  0.0946667  1  0.547333
0.784  0.094  1  0.547
0.785  0.0926667  1  0.546333
0.786  0.0916667  1  0.545833
0.787  0.091  1  0.5455
0.788  0.0886667  1  0.544333
0.789  0.0873333  1  0.543667
0.79  0.0863333  1  0.543167
0.791  0.0856667  1  0.542833
0.792  0.0843333  1  0.542167
0.793  0.082  1  0.541
0.794  0.08  1  0.54
0.795  0.079  1  0.5395
0.796  0.078  1  0.539
0.797  0.0776667  1  0.538833
0.798  0.0753333  1  0.537667
0.799  0.074  1  0.537
0.8  0.0723333  1  0.536167
0.801  0.0713333  1  0.535667
0.802  0.0706667  1  0.535333
0.803  0.07  1  0.535
0.804  0.0693333  1  0.534667
0.805  0.068  1  0.534
0.806  0.0663333  1  0.533167
0.807  0.0653333  1  0.532667
0.808  0.065  1  0.5325
0.809  0.0633333  1  0.531667
0.81  0.0606667  1  0.530333
0.811  0.0596667  1  0.529833
0.812  0.059  1  0.5295
0.813  0.0573333  1  0.528667
0.814  0.056  1  0.528
0.815  0.0543333  1  0.527167
0.816  0.0533333  1  0.526667
0.817  0.053  1  0.5265
0.818  0.052  1  0.526
0.819  0.0516667  1  0.525833
0.82  0.0506667  1  0.525333
0.821  0.05  1  0.525
0.822  0.049  1  0.5245
0.823  0.0483333  1  0.524167
0.824  0.0476667  1  0.523833
0.825  0.047  1  0.5235
0.826  0.046  1  0.523
0.827  0.0436667  1  0.521833
0.828  0.0436667  1  0.521833
0.829  0.0433333  1  0.521667
0.83  0.0426667  1  0.521333
0.831  0.042  1  0.521
0.832  0.0403333  1  0.520167
0.833  0.0393333  1  0.519667
0.834  0.037  1  0.5185
0.835  0.0363333  1  0.518167
0.836  0.035  1  0.5175
0.837  0.0346667  1  0.517333
0.838  0.033  1  0.5165
0.839  0.0323333  1  0.516167
0.84  0.032  1  0.516
0.841  0.031  1  0.5155
0.842  0.0303333  1  0.515167
0.843  0.03  1  0.515
0.844  0.0286667  1  0.514333
0.845  0.0276667  1  0.513833
0.846  0.0256667  1  0.512833
0.847  0.0246667  1  0.512333
0.848  0.0246667  1  0.512333
0.849  0.024  1  0.512
0.85  0.024  1  0.512
0.851  0.024  1  0.512
0.852  0.0236667  1  0.511833
0.853  0.0226667  1  0.511333
0.854  0.0226667  1  0.511333
0.855  0.0216667  1  0.510833
0.856  0.021  1  0.5105
0.857  0.021  1  0.5105
0.858  0.0203333  1  0.510167
0.859  0.02  1  0.51
0.86  0.0186667  1  0.509333
0.861  0.0173333  1  0.508667
0.862  0.017  1  0.5085
0.863  0.017  1  0.5085
0.864  0.0166667  1  0.508333
0.865  0.0163333  1  0.508167
0.866  0.0156667  1  0.507833
0.867  0.0153333  1  0.507667
0.868  0.015  1  0.5075
0.869  0.0143333  1  0.507167
0.87  0.0143333  1  0.507167
0.871  0.0143333  1  0.507167
0.872  0.014  1  0.507
0.873  0.0133333  1  0.506667
0.874  0.013  1  0.5065
0.875  0.013  1  0.5065
0.876  0.0126667  1  0.506333
0.877  0.012  1  0.506
0.878  0.012  1  0.506
0.879  0.0116667  1  0.505833
0.88  0.011  1  0.5055
0.881  0.0103333  1  0.505167
0.882  0.00966667  1  0.504833
0.883  0.00966667  1  0.504833
0.884  0.00933333  1  0.504667
0.885  0.00866667  1  0.504333
0.886  0.00866667  1  0.504333
0.887  0.00866667  1  0.504333
0.888  0.00833333  1  0.504167
0.889  0.00833333  1  0.504167
0.89  0.00833333  1  0.504167
0.891  0.008  1  0.504
0.892  0.00766667  1  0.503833
0.893  0.00733333  1  0.503667
0.894  0.00733333  1  0.503667
0.895  0.00733333  1  0.503667
0.896  0.00733333  1  0.503667
0.897  0.007  1  0.5035
0.898  0.007  1  0.5035
0.899  0.00633333  1  0.503167
0.9  0.00633333  1  0.503167
0.901  0.00566667  1  0.502833
0.902  0.00566667  1  0.502833
0.903  0.00533333  1  0.502667
0.904  0.005  1  0.5025
0.905  0.00433333  1  0.502167
0.906  0.00433333  1  0.502167
0.907  0.00433333  1  0.502167
0.908  0.00433333  1  0.502167
0.909  0.00433333  1  0.502167
0.91  0.00433333  1  0.502167
0.911  0.00433333  1  0.502167
0.912  0.00366667  1  0.501833
0.913  0.00366667  1  0.501833
0.914  0.00366667  1  0.501833
0.915  0.00366667  1  0.501833
0.916  0.003  1  0.5015
0.917  0.003  1  0.5015
0.918  0.003  1  0.5015
0.919  0.003  1  0.5015
0.92  0.00266667  1  0.501333
0.921  0.00266667  1  0.501333
0.922  0.00266667  1  0.501333
0.923  0.00266667  1  0.501333
0.924  0.00266667  1  0.501333
0.925  0.00266667  1  0.501333
0.926  0.00266667  1  0.501333
0.927  0.00266667  1  0.501333
0.928  0.00166667  1  0.500833
0.929  0.00166667  1  0.500833
0.93  0.00166667  1  0.500833
0.931  0.00166667  1  0.500833
0.932  0.00166667  1  0.500833
0.933  0.00166667  1  0.500833
0.934  0.00166667  1  0.500833
0.935  0.00166667  1  0.500833
0.936  0.00166667  1  0.500833
0.937  0.00166667  1  0.500833
0.938  0.00133333  1  0.500667
0.939  0.001  1  0.5005
0.94  0.001  1  0.5005
0.941  0.000666667  1  0.500333
0.942  0.000666667  1  0.500333
0.943  0.000666667  1  0.500333
0.944  0.000666667  1  0.500333
0.945  0.000666667  1  0.500333
0.946  0.000666667  1  0.500333
0.947  0.000666667  1  0.500333
0.948  0.000666667  1  0.500333
0.949  0.000666667  1  0.500333
0.95  0.000666667  1  0.500333
0.951  0.000666667  1  0.500333
0.952  0.000666667  1  0.500333
0.953  0.000666667  1  0.500333
0.954  0.000666667  1  0.500333
0.955  0.000666667  1  0.500333
0.956  0.000666667  1  0.500333
0.957  0.000666667  1  0.500333
0.958  0.000666667  1  0.500333
0.959  0.000666667  1  0.500333
0.96  0.000666667  1  0.500333
0.961  0.000666667  1  0.500333
0.962  0.000666667  1  0.500333
0.963  0.000666667  1  0.500333
0.964  0.000333333  1  0.500167
0.965  0.000333333  1  0.500167
0.966  0.000333333  1  0.500167
0.967  0.000333333  1  0.500167
0.968  0.000333333  1  0.500167
0.969  0.000333333  1  0.500167
0.97  0.000333333  1  0.500167
0.971  0.000333333  1  0.500167
0.972  0.000333333  1  0.500167
0.973  0.000333333  1  0.500167
0.974  0.000333333  1  0.500167
0.975  0.000333333  1  0.500167
0.976  0  1  0.5
0.977  0  1  0.5
0.978  0  1  0.5
0.979  0  1  0.5
0.98  0  1  0.5
0.981  0  1  0.5
0.982  0  1  0.5
0.983  0  1  0.5
0.984  0  1  0.5
0.985  0  1  0.5
0.986  0  1  0.5
0.987  0  1  0.5
0.988  0  1  0.5
0.989  0  1  0.5
0.99  0  1  0.5
0.991  0  1  0.5
0.992  0  1  0.5
0.993  0  1  0.5
0.994  0  1  0.5
0.995  0  1  0.5
0.996  0  1  0.5
0.997  0  1  0.5
0.998  0  1  0.5
0.999  0  1  0.5
