0.11272
-0.0323005
-0.0845172
0.00791313
0.238423
0.0326627
0.0393745
0.0838463
0.141466
-0.173538
-0.0399682
0.00422652
0.251415
-0.184633
0.0386201
-0.0603739
0.0920983
0.189846
-0.139534
-0.173288
0.186554
-0.225158
-0.0289222
0.0346436
0.0248715
0.0356392
0.0773221
0.0502572
0.00633371
0.106647
0.102318
0.00951807
0.0663516
-0.0151468
0.132329
0.0178003
-0.00364022
-0.0149157
-0.00860763
-0.138062
0.135178
-0.00506228
-0.00680137
0.118899
0.26923
0.190571
0.0794929
0.21751
0.165728
0.155738
-0.0698566
-0.0118616
0.163929
0.244509
0.0700344
0.158858
-0.0765542
0.267426
-0.0512265
0.144746
-0.0902025
0.338552
-0.160688
0.139107
0.183404
0.0192234
0.0520623
-0.181074
0.116876
-0.0830701
-0.178703
-0.092837
0.168555
-0.0366225
-0.0656407
0.0212908
-0.0760506
0.0819757
-0.108637
-0.183079
0.521049
0.284445
0.507775
0.19338
0.281632
0.10546
-0.114435
-0.234581
0.0608441
0.116797
-0.018109
-0.0591301
0.106579
-0.00299586
0.0885789
0.225742
0.286746
0.18925
0.272
0.145677
0.00643914
0.140078
0.00309467
0.0121678
-0.00896714
0.40602
-0.0775067
0.206442
0.050018
0.161511
-0.025896
0.142955
0.188149
-0.101065
-0.166348
-0.0727676
0.117935
0.0980527
0.294218
-0.0498939
0.301146
-0.0366622
0.246729
-0.061514
0.163504
0.0780431
-0.0175858
0.200729
-0.159897
0.0062333
-0.128618
0.0656432
-0.113583
-0.0740652
0.340691
-0.0279003
-0.0861221
0.0960645
0.0317952
0.0911478
0.252026
-0.167295
-0.183121
-0.22975
0.103221
0.143187
0.0604512
0.0500952
0.14666
0.132091
0.0406636
-0.0053276
-0.040433
-0.0371095
0.177889
-0.125303
-0.173832
0.00565472
0.00455768
-0.0748152
0.351805
-0.00201028
0.140113
0.175468
-0.0362493
0.0146264
0.147069
0.0762119
0.0345359
0.175579
-0.102056
0.0420795
0.0558549
-0.0673343
-0.205675
-0.123688
0.349976
-0.024461
-0.182961
0.105864
-0.0457127
0.128068
-0.0236525
-0.171466
0.205019
0.0773245
0.167176
0.226866
0.00689327
0.177271
0.0984821
0.260809
0.0446672
0.108604
-0.0664029
0.00661769
0.121884
0.0325698
0.163434
-0.00893031
0.250619
0.0254173
0.11808
0.173778
0.451037
0.401871
0.166039
0.136788
-0.0915758
-0.049675
0.0281201
0.0822683
0.131772
0.121404
-0.137808
0.296477
-0.15965
-0.0286426
0.134731
0.150811
-0.0409573
0.0283104
-0.0138823
-0.118975
0.210674
0.0690458
-0.0284683
0.132761
0.0995613
0.232361
0.0304629
0.200568
0.385126
-0.103784
0.103478
-0.0867814
-0.0424575
0.12524
-0.00113641
0.0625038
-0.102242
-0.00671947
0.0701211
0.0674079
-0.176664
-0.00589195
0.291751
-0.0421199
0.134287
0.130946
0.349639
-0.152233
-0.158502
0.097802
0.029102
0.0858135
0.0562787
0.360994
0.0869823
0.179044
0.0273641
0.0539506
0.0732196
-0.0115917
0.0161747
-0.236273
-0.237153
0.154151
-0.03181
0.0764668
0.102975
-0.0301751
0.027304
0.355907
0.179676
0.112155
0.113401
0.0377646
-0.0122949
0.0833908
-0.00622784
0.163355
-0.049499
0.0776897
-0.0496728
0.0639579
-0.0381271
0.0654362
0.146498
0.119709
-0.0412502
0.0468097
0.142724
0.113277
-0.217992
0.165653
0.0132182
-0.0599302
-0.246297
-0.0815728
-0.0832712
-0.0310551
-0.0154969
0.24347
0.0287979
0.404097
-0.0395906
-0.032355
0.185545
0.14064
0.0745265
-0.165513
-0.0284154
0.0942147
0.19273
-0.180221
-0.138015
0.198206
0.300144
0.191689
0.0188858
0.336968
-0.0330565
0.0372669
-0.183435
0.118784
0.0613379
0.0562075
0.211395
0.182114
0.134623
0.114121
0.0987254
-0.00507049
0.0192588
0.126696
-0.141729
-0.251695
0.203303
-0.091282
0.0333083
-0.0510892
0.0795811
0.251885
-0.021785
-0.0315838
-0.0441372
0.0897044
0.0275281
0.198673
0.0093294
-0.0570069
0.169447
0.268846
0.123114
0.0388362
0.0411079
-0.00835667
0.0198591
0.00176465
-0.0710591
0.0985138
0.194032
0.0393898
0.16524
0.118527
0.0330035
0.0984141
0.0178014
0.149455
0.0487638
-0.0125678
0.0379536
-0.0101497
0.139833
0.0244564
0.0869469
-0.195177
0.143182
0.0428203
0.172354
-0.029572
-0.164939
-0.00577353
-0.0621105
-0.083954
0.286238
0.164419
0.0860845
0.314087
0.339567
-0.0703904
-0.0583883
-0.241084
0.107606
0.184986
0.0605495
-0.0226354
0.104146
0.00905196
0.436084
-0.225992
0.15695
-0.048466
-0.172601
-0.0496126
0.199929
0.278911
-0.136546
0.0326805
0.141064
0.150769
-0.135058
0.357724
0.174937
0.087514
0.0267523
-0.168599
-0.212118
0.270673
0.174422
-0.119124
0.161062
-0.0293118
0.143858
0.139978
0.214013
-0.0902991
0.137238
-0.0974203
-0.152945
-0.0648422
-0.00583307
-0.116685
-0.00193346
-0.209796
0.137947
0.114305
0.219424
0.0617232
0.109518
0.335219
0.255348
0.120852
0.210343
0.263461
-0.0374095
0.0359877
-0.124687
0.0586555
0.269652
0.351246
0.232456
0.0424453
0.0634169
0.36402
-0.095054
0.0413298
0.285482
0.127489
0.200779
-0.00602832
0.0829695
-0.0327781
0.0612368
-0.0933999
0.0367355
0.0141228
-0.110141
0.204603
0.0225043
-0.152702
0.113097
0.172553
0.171877
0.0504612
-0.0458176
-0.145627
0.177128
0.179495
0.103464
0.00850169
-0.0738565
-0.0223572
-0.0627848
0.0320637
-0.183806
-0.0694958
0.133471
0.101907
0.0756886
0.00471994
-0.149
0.219605
-0.0495511
-0.168295
0.2647
0.26289
0.0870135
-0.0828759
-0.0707806
0.118121
0.0333318
0.0961532
0.149597
-0.109954
-0.105094
-0.207139
0.100257
0.179286
-0.103144
0.135655
0.0687307
0.0242391
0.00681612
0.0519608
0.0158037
0.0599301
0.241393
-0.0345176
-0.0342986
0.00780419
0.228642
-0.0951143
-0.0678813
-0.026941
-0.280392
0.0708244
0.157967
0.176528
-0.127265
0.0671895
0.18812
0.0429477
0.157855
-0.00431953
0.305752
0.350083
-0.000223369
0.123503
0.0909697
-0.0896454
-0.174558
-0.0287269
0.184911
0.0489021
-0.0328217
0.154398
-0.0297621
-0.157596
-0.196539
0.178979
0.0487918
-0.0567412
0.0689467
0.115434
0.145209
0.167134
0.256876
-0.0130241
0.0309725
0.214748
0.022307
0.18878
0.314347
-0.0318472
-0.0174879
0.118911
0.0698757
0.114986
-0.0355591
-0.125164
0.226449
0.0924831
0.00758184
0.194515
0.0272065
0.15233
-0.0655311
-0.189166
0.243745
0.112592
0.0780489
0.0909525
0.235941
0.260907
0.0451784
0.186895
0.196023
-0.107789
0.181381
-0.0239144
0.272932
0.235898
-0.099721
0.231284
-0.0700687
-0.00979314
0.126102
0.181474
0.0379105
-0.111284
-0.0117395
0.230258
0.109453
-0.0150993
-0.0106141
-0.0203302
0.0813503
-0.135555
-0.0301672
0.196122
0.0324401
-0.0681771
0.0350055
0.140978
-0.0526774
0.139592
-0.0468392
0.00932991
0.0565326
-0.218497
0.0683621
-0.18253
-0.146953
-0.00788394
-0.00496545
-0.0767366
0.238827
0.225198
-0.213826
0.0792459
-0.0845838
0.211062
0.00551288
0.107547
-0.00496118
0.141879
-0.039906
0.0688882
0.0215618
0.137824
-0.0252596
-0.0443012
0.00174752
0.0232357
0.0667907
-0.03806
-0.137531
0.0639152
-0.00590756
0.0114518
0.0633664
0.100914
0.204645
0.117111
0.131361
0.0210473
0.0955525
0.115359
0.186911
0.253438
-0.0567188
0.300824
-0.150767
0.165037
0.153678
0.0824084
0.161907
0.0369633
0.075525
0.146639
-0.154958
0.335046
0.0505931
-0.00382246
0.0166786
-0.0298009
-0.21686
0.0802865
0.135549
0.136893
0.181347
0.0744346
0.0487436
0.151975
0.291532
0.0626713
0.195976
0.23547
0.178533
0.131485
0.0947497
0.0659999
0.0464442
0.0808581
-0.0907074
-0.0298037
0.0200305
0.220666
0.267068
0.166208
-0.074535
0.121207
0.217894
0.0627823
0.0171629
0.280951
-0.10412
0.0978006
0.0695456
0.0107068
-0.18299
0.20839
0.0167561
0.104648
0.111313
0.0958274
0.255547
0.386284
0.245702
-0.084957
-0.167633
-0.0581576
-0.0449601
-0.0462978
0.0874697
0.0749848
0.00490282
0.215345
0.0579697
-0.0314835
0.408255
0.376719
0.157851
0.0661019
0.160866
-0.175099
-0.135986
0.20332
-0.152862
0.0990093
0.108024
0.0292683
0.0916973
0.0889552
-0.113902
0.0537387
0.244098
0.0704647
-0.186734
-0.0627196
-0.0535217
0.104975
0.219882
-0.0513262
0.0237954
0.404841
0.175353
0.315341
0.135139
0.222013
0.11683
0.069243
-0.00895502
0.155462
0.306995
0.00704775
-0.00211439
0.0900429
0.0126662
-0.0764058
0.188416
0.0575089
0.127257
0.307294
-0.100482
-0.195059
0.101217
-0.141789
0.102034
0.130086
0.0811908
-0.179914
0.0280654
0.0849552
0.239085
0.0538002
0.110383
0.256445
0.0576312
0.0169896
-0.0705288
0.236146
-0.0712152
-0.00323957
0.206324
0.105471
0.128754
0.183696
-0.00253268
0.10838
-0.0693656
0.199138
-0.0743825
0.0910199
0.0463537
-0.0438324
-0.0996163
0.00126898
0.231503
-0.0143548
0.0948855
0.167726
-0.00774637
0.120347
0.105309
0.12413
-0.173149
-0.0877761
0.106787
0.295767
0.266139
-0.0362769
0.0126572
0.134279
0.488293
-0.0475805
-0.0217108
0.115181
0.222207
-0.0120957
-0.0593036
-0.0270302
0.0669101
0.21187
-0.0484744
-0.138465
0.10678
0.0602584
0.249021
-0.0520718
0.134102
0.14227
0.20068
0.195222
0.0874076
-0.0481769
0.0772278
0.138812
0.0857165
0.165029
-0.118208
0.201846
0.183796
0.132346
-0.0900463
-0.0534901
0.0197298
-0.169046
0.0236579
-0.0817317
-0.00969323
0.188992
0.101983
0.0277862
0.107969
-0.206117
-0.117961
0.175594
0.140623
0.00231474
-0.0205662
0.131639
0.102505
0.228301
-0.107029
-0.087122
-0.00953966
0.00475805
0.114405
0.0353564
0.250319
0.18709
0.0264335
0.0304217
0.106515
0.0314118
-0.114228
0.1003
-0.0732094
-0.0614934
-0.0931112
-0.150807
0.221819
0.244395
0.0461174
0.0523133
-0.092607
-0.0693719
0.201956
-0.00732009
-0.0562939
0.178297
0.0646586
-0.0100137
-0.0274847
-0.136703
0.0231193
0.0679344
0.0362725
0.0114846
0.0304552
0.122577
0.0734982
-0.238391
0.00697339
-0.0453517
0.1743
0.149427
0.0591719
0.00734385
-0.033172
0.0723622
0.132097
-0.359303
0.0986054
-0.272948
0.261058
0.00694648
0.0505065
0.144652
-0.0323136
0.10108
0.319343
0.168368
0.100137
-0.0316846
0.0969428
-0.109754
-0.0961238
0.0601243
0.130101
0.173647
0.0362891
0.078289
-0.0332434
-0.149588
0.0630072
0.15665
0.127105
-0.0863724
-0.0592923
0.334903
0.160449
0.0590706
0.236084
-0.0199797
0.309271
-0.0190672
0.0972433
0.157456
-0.091189
0.208001
-0.0593073
-0.0375356
-0.0863209
0.106312
0.055469
0.0902495
0.153667
-0.140034
-0.0533046
0.410021
0.0998369
-0.0493483
-0.0646794
-0.0448028
0.165477
0.332887
-0.0328154
-0.0090832
0.174925
0.0738404
0.0797481
-0.0590907
-0.0406193
0.13767
0.126312
-0.140247
-0.0438938
-0.0659882
0.0271271
0.0285328
-0.0164811
-0.0435508
0.310245
0.116398
-0.0154106
0.102216
-0.125842
-0.125573
0.0515172
0.122686
-0.000738923
0.0715473
0.0531478
0.0961819
0.0355372
0.113886
-0.136096
-0.059146
-0.00928552
0.00910687
0.0491079
0.157797
0.125934
0.0875915
0.12554
0.155595
0.114187
0.21096
0.278205
-0.0907389
0.310701
0.200883
-0.00509284
0.0572396
-0.0342376
0.271869
-0.0123522
0.207241
0.0630109
0.191651
0.0564048
-0.118625
-0.0904656
0.0901277
0.0445536
0.0890177
0.26753
0.19846
0.156214
0.0080568
-0.0446673
0.131257
-0.0166768
0.087002
0.165195
0.14274
0.00448781
0.0490937
-0.220497
0.0527927
0.0277555
0.0345323
0.0150487
-0.0219134
0.252989
-0.0681485
-0.139191
0.0962647
0.0652354
0.134099
0.147446
-0.0371061
0.00646961
0.12703
-0.0880313
0.0438374
0.0988271
0.227243
0.236347
0.236386
0.118605
0.113065
0.226327
-0.0160445
-0.0424919
-0.199944
0.184459
-0.102693
0.0159654
-0.0923611
0.298777
0.334211
0.114852
-0.0302804
-0.057219
-0.0982732
0.0261379
0.0220277
-0.0926703
0.0315176
-0.0998752
-0.0538691
-0.0813925
0.0756432
0.26318
0.181621
0.00575125
0.0956102
-0.0619827
0.170382
0.0371709
0.0269652
0.0369085
0.331957
0.245183
0.165936
-0.0994847
-0.0984362
0.0139623
-0.0107933
-0.0720538
0.0387478
0.0481896
0.0534438
-0.12003
0.0380626
0.200119
0.109203
0.179796
0.0682071
0.225155
0.225327
0.105797
0.110616
0.0148364
0.102955
0.0361112
0.300207
0.291249
0.0906483
-0.106389
0.208797
-0.113468
0.238552
0.127359
-0.0385454
0.157126
0.0582998
0.0708716
-0.169575
0.216574
-0.0092703
0.0244896
0.146171
-0.0181393
0.110122
0.328879
-0.0651135
-0.02388
0.0761032
0.0358614
0.239589
0.0838788
0.281807
-0.0116337
0.180322
0.204726
0.149339
-0.0898484
0.198577
-0.276248
0.101672
0.174162
0.078719
0.115207
0.0335424
0.151547
0.005193
0.119634
0.237038
0.148228
-0.2021
0.132168
0.0371443
-0.0243258
-0.034144
-0.0533115
0.0902703
0.158044
-0.0271989
-0.230845
0.165832
0.229392
0.155525
0.0225762
-0.0420944
-0.0713412
0.0132481
0.196486
0.098945
0.122837
0.0979836
0.104765
-0.0407811
0.339304
0.0782431
-0.0912659
0.161701
0.128285
0.151813
0.028487
0.0456768
0.334003
0.0108316
0.173178
0.0111656
0.376977
0.0877989
0.176383
0.120156
0.119325
0.0459888
0.389736
0.120187
-0.120327
0.109404
0.0961523
0.00632403
-0.0617122
-0.214216
-0.0202464
-0.0291333
0.0968812
0.0147287
0.157464
0.152283
0.0360685
0.177905
-0.04151
0.0914888
-0.252693
-0.159592
0.244663
0.0402235
0.245613
-0.0428425
0.0988209
0.13981
0.0182478
0.139695
-0.082361
-0.115581
0.36972
0.210868
-0.0916237
0.27985
0.00866456
-0.0989045
0.0325225
-0.19915
0.0919898
0.0132202
0.0242139
0.0738701
0.211145
-0.0119356
0.028118
0.305582
0.0683941
0.153283
0.0379832
0.0507744
-0.0526222
-0.00728974
0.0114209
0.145126
-0.211033
0.34235
0.184661
0.0379348
0.198045
-0.0292095
0.112351
0.259388
-0.015879
0.32474
0.0206441
0.016188
-0.161152
0.131268
0.0807903
-0.0540785
0.324074
-0.110121
-0.178856
0.163516
0.36362
-0.107748
0.0959927
0.147905
0.0634749
-0.293787
0.0903102
-0.127026
0.109607
-0.0543726
0.0872982
0.0421468
-0.0744405
0.0323906
0.189147
0.195059
0.0723136
0.00932264
-0.101953
0.0444662
-0.0180056
-0.0997186
0.0956124
-0.168288
0.0253019
0.115415
0.130593
0.145644
0.182251
-0.0697824
-0.0724763
-0.125304
0.118169
0.134445
0.0671179
-0.0739163
0.166727
-0.00243713
-0.12642
0.0375973
0.0494116
-0.0693908
-0.12627
0.176352
-0.0116179
-0.0662165
0.0155344
0.0516931
0.293022
0.373147
-0.0101667
-0.132073
0.390558
0.198239
-0.106222
0.210089
0.283476
-0.156483
0.0857356
0.0351333
-0.320484
-0.0655959
-0.168459
-0.0769777
0.272154
0.174275
0.138237
0.154739
0.215867
0.0167638
-0.0869571
-0.0829422
0.154668
0.217395
0.14306
-0.0937421
0.18057
-0.00167032
-0.0894302
-0.0939471
-0.0696363
0.147577
0.109002
0.269686
-0.110466
-0.141665
0.099249
0.135064
0.049086
0.0617661
-0.021586
-0.0635716
0.0932981
0.200934
0.297251
0.0367593
-0.0695162
0.129869
0.0623395
0.078685
0.103092
-0.158965
0.108782
0.0966275
0.0297168
-0.00877789
0.08528
0.0565277
0.184078
0.274115
-0.142436
-0.0703907
0.0889068
0.26682
0.00936183
0.135845
0.0351179
0.118336
-0.043749
-0.0535203
0.132494
0.203661
0.237566
0.277362
-0.022773
-0.0306381
-0.134721
0.316068
0.126013
-0.0785315
-0.0064528
0.195417
-0.0489686
-0.032972
0.16983
0.0394573
0.0401968
0.067916
-0.0358757
0.151122
-0.18409
0.141646
0.292837
-0.0682378
-0.00634565
0.307444
0.00932699
0.122472
-0.103957
-0.0649878
0.103278
-0.0474119
0.161331
0.0099175
0.217543
-0.120885
0.256778
-0.0175596
0.0370293
0.177404
0.220855
0.0591449
0.0572816
-0.139845
0.327186
0.0167026
-0.120822
0.141138
0.0968532
0.193758
0.036961
0.0516558
-0.109931
-0.0999441
-0.0069077
0.0138222
0.169618
0.159409
0.100769
-0.00224664
-0.258073
-0.235052
-0.0523462
0.270174
0.125477
0.120616
0.319237
-0.00394354
0.0210899
0.0280937
0.0278538
0.0953176
0.1177
0.0173986
0.207382
0.110727
0.353172
-0.255838
-0.243312
0.0640739
0.00698725
0.0545769
0.0425459
-0.147075
-0.111227
0.0421521
0.193508
-0.110452
-0.093731
0.17802
-0.0598265
0.188865
0.198758
0.0316153
-0.124674
0.138034
0.305151
0.237777
0.152902
0.167834
-0.0183885
0.0198201
0.134328
0.0468309
-0.00617027
-0.161828
0.275976
0.305626
0.0136655
0.0659965
0.310168
-0.00646999
0.404599
0.0267521
-0.0487662
0.250301
-0.0183099
-0.117849
-0.125094
-0.151963
-0.124023
-0.0590515
0.196832
0.120205
0.410281
0.161668
-0.0736816
-0.0884392
0.1147
0.19147
-0.0494676
-0.0383985
0.0640403
-0.069616
0.181081
0.0338777
0.0729455
-0.0424158
0.0251782
0.129991
-0.0678565
0.0390545
0.000533711
0.133975
0.0702958
-0.154406
0.211396
-0.0623044
0.0964906
0.353887
0.0509243
-0.0824762
-0.068085
0.00754067
0.0131076
-0.00385749
0.0963644
-0.00714366
-0.181064
0.115774
-0.219174
0.0721112
-0.0178843
0.0874364
0.487458
0.186157
0.227919
0.0139854
-0.0745549
-0.0868336
0.0883754
0.148219
-0.104587
-0.0614428
-0.149272
0.0934836
-0.0133552
-0.0829507
0.0721607
0.158176
-0.105452
-0.118893
0.0151059
-0.18659
-0.0112612
0.33033
0.125627
-0.041849
0.182671
0.00539105
-0.187939
-0.0253635
0.102462
0.0126369
-0.0239717
0.124765
-0.0140149
0.142275
-0.125916
0.0789705
-0.241202
-0.144405
0.087472
0.00579625
-0.00865682
0.00752341
0.215436
0.104991
0.12731
0.0146422
0.194557
0.328952
0.259781
-0.0519061
0.156413
0.111633
0.167852
0.341407
-0.106548
0.074586
0.060433
0.410128
-0.045838
0.00182331
-0.0515561
-0.0691153
0.0466957
-0.0297095
0.0158926
0.192573
0.029583
-0.264791
-0.141708
0.147403
0.150699
0.0829358
0.231746
0.00710146
0.27051
0.0258095
-0.0721685
-0.133113
0.231333
-0.0539505
0.0657658
-0.0480569
0.120235
-0.098612
-0.190816
0.408616
0.170711
0.161602
0.0762743
-0.0572563
-0.114486
-0.0371377
0.152838
-0.0377994
-0.200292
-0.122398
-0.101428
0.262403
-0.0491028
0.10032
0.129612
-0.122211
-0.000216565
-0.00332686
0.0340664
0.112474
0.178609
-0.0482897
-0.0670516
0.260459
0.306693
0.20462
0.0870462
-0.0555364
0.199936
-0.0269065
0.048976
0.223166
0.0299664
-0.281924
0.261317
0.198757
0.300256
-0.185649
-0.000198133
0.00282971
0.0907993
0.0560586
0.271057
0.14877
0.0882124
0.139537
-0.164589
0.00583791
0.115934
-0.242809
-0.0879906
0.159822
-0.0565429
0.104452
0.047403
0.065548
0.172455
0.0686092
0.177251
-0.0747646
-0.174374
0.00369305
0.29124
-0.0750316
-0.0810934
0.0372574
-0.0426608
-0.103006
-0.0240048
0.105423
0.113528
-0.105996
0.198598
-0.0729799
-0.117532
0.0205645
-0.00940289
0.0237471
-0.0462585
0.0975473
0.020514
0.318592
0.175533
0.11945
-0.0085012
0.265289
0.0368388
0.0292645
-0.216071
0.00197992
-0.174785
-0.229024
0.188041
0.0642898
0.1092
-0.109128
0.135267
-0.0343072
0.0786721
-0.0639246
-0.0157069
0.239769
0.0585344
-0.0152926
-0.0698549
0.123056
0.179323
0.142552
0.0928908
0.0359644
0.329401
0.182309
0.264296
0.0281894
0.406731
0.175929
0.033949
0.0129817
-0.0785077
0.392898
0.214376
-0.0618897
0.034572
-0.231642
0.0451419
-0.103549
0.202868
0.260279
0.0494076
0.279715
-0.117729
0.113855
-0.0586301
-0.105718
-0.116091
-0.00379523
0.151811
0.10504
0.00552011
-0.0778799
-0.0641725
0.26961
0.130688
-0.0366819
0.114566
-0.0371889
0.172729
0.19785
0.056785
0.0456836
0.13541
0.118691
-0.0173451
0.238672
-0.0334108
0.111121
0.145594
0.0967997
-0.0965401
0.0575203
-0.0606129
0.13685
0.0541649
0.288836
0.0373906
-0.00531077
-0.0203038
0.176907
0.181621
0.202033
0.200549
0.219609
0.0813205
0.0686335
0.413259
0.203336
0.00719716
0.1777
0.296128
0.197105
0.38687
0.148591
0.083542
0.150817
0.443062
0.0835831
0.0368928
0.0202341
0.0887095
0.0161495
-0.195104
0.071877
0.02011
-0.0125774
-0.166082
-0.124668
0.0415201
0.244488
-0.100163
-0.00757899
-0.0756829
-0.00325404
0.256236
0.211769
0.143076
0.129597
0.0999766
0.107039
0.0511374
0.202979
-0.113161
0.0277002
-0.0189013
0.0245332
0.0060757
0.15368
-0.0440936
0.273584
0.0133117
0.0324133
-0.073607
-0.0852004
0.0352329
-0.215089
-0.0860252
0.115536
0.233783
0.200575
0.0216335
-0.0908023
0.0105569
0.397565
-0.0484152
0.0051151
0.063469
0.135162
-0.0182914
-0.0371599
0.00134641
0.00286901
0.269763
0.0381555
-0.00700261
0.139291
0.176683
0.108871
-0.0349544
0.072726
0.252682
0.292339
-0.100837
0.192139
0.400759
0.175827
-0.21768
-0.078006
0.169224
-0.046055
-0.206875
0.246513
-0.0502384
0.0851007
0.0350389
0.0313097
-0.13422
0.0536781
-0.0928983
0.076277
0.0716911
-0.0535082
0.0247202
0.0233281
0.181424
0.0385946
0.175139
0.149848
0.069194
0.156151
-0.0528442
0.23893
0.0126293
-0.0473041
0.100976
0.194867
0.0950919
0.0647389
0.14128
0.238423
0.225763
0.199186
0.200479
0.0704831
0.041568
0.194248
-0.0421649
0.142721
0.136005
-0.0503838
-0.0461932
0.0758728
-0.120406
0.328247
0.108198
0.353615
-0.238696
0.0219959
0.107745
-0.00996167
-0.203081
0.286863
0.238765
-0.0806563
-0.211342
0.314753
0.0897944
0.0244694
-0.050597
0.0865147
0.14948
0.0265852
0.158412
0.0343168
-0.274384
0.0723001
0.127909
0.111794
0.306189
0.0541707
-0.15946
0.186327
-0.225395
0.0152397
-0.0815773
0.0422918
0.200567
-0.0247223
-0.0751
0.0598314
-0.00232304
0.305076
-0.26251
0.109065
0.15701
0.0954553
0.00787997
0.099007
0.0487946
0.238124
-0.0733711
0.157495
-0.0847941
-0.139185
0.0548261
0.00301243
0.193095
0.0304045
0.22052
-0.00954658
0.182867
-0.138934
0.17655
0.0947663
-0.0481988
-0.00720772
0.162896
-0.106504
-0.0471438
0.0302159
-0.118215
-0.126372
-0.0187985
0.0366738
0.145375
0.0663983
-0.0899282
0.0520572
-0.0335832
-0.0923604
-0.027974
0.0318336
-0.106734
0.0730139
0.139609
0.11421
0.155667
0.150137
0.422474
-0.0185603
-0.0100862
0.0275199
0.142213
0.124895
0.179439
-0.0696685
0.185543
-0.00932065
0.103391
0.00559149
0.0192343
0.06102
-0.0771619
0.203202
-0.128325
-0.184306
0.219567
0.0472936
-0.0233182
0.302056
0.276028
-0.051579
-0.182386
0.102634
0.109377
-0.0308012
-0.0144844
0.206299
0.366585
0.157886
-0.048717
0.0843183
-0.056035
0.0741242
-0.0606369
0.225232
0.149027
-0.0180463
0.269983
0.37518
0.238921
-0.0779914
-0.111033
0.0641579
0.0619157
0.0922783
0.200224
-0.116355
-0.00634968
0.013911
0.198295
0.35858
0.0975338
-0.00596048
-0.0354103
0.199704
-0.0190733
0.0613959
0.313613
0.0260008
0.0890372
-0.10421
0.12804
0.0678956
-0.257301
0.0580709
-0.0428116
0.0266655
0.0124282
0.0904423
0.0645908
0.106118
-0.0673141
0.163629
0.0667697
-0.0340285
-0.0194816
0.0214422
-0.118383
0.0480488
0.108894
0.0853025
0.0109357
0.0732015
0.191717
-0.153036
-0.0698396
-0.0434515
0.136645
-0.0292711
-0.0777588
-0.00491763
0.00120851
-0.0107952
0.12014
0.121091
0.201417
-0.012845
-0.0536063
0.107263
-0.0457497
0.125573
0.091331
-0.0937434
-0.0240494
-0.0300799
0.0907619
-0.0379441
-0.100176
-0.0885768
0.0856877
0.172707
0.122672
-0.111208
0.00747125
0.261995
0.172722
0.0645492
-0.137394
-0.20662
0.162708
-0.0404572
0.329399
0.212188
-0.0717664
-0.0761672
0.195852
0.00974463
0.0524135
-0.0641418
0.0240632
0.0635432
0.0165645
0.0725193
0.114184
0.112465
0.580124
-0.0870548
-0.0140551
0.0889873
0.0306514
-0.100525
0.0638201
0.0646965
-0.0700822
-0.0818609
-0.169691
0.0254219
-0.0929557
0.219478
0.0767834
-0.106109
0.137135
0.0982446
0.130797
0.211367
0.0953065
0.258011
0.126266
0.346474
0.122143
0.395763
-0.0107779
-0.0168821
0.00342748
-0.26867
-0.222067
-0.0347479
0.288588
0.102265
0.107595
0.168806
0.150803
0.126306
-0.191637
-0.140942
0.228049
0.151357
0.0645044
0.102434
0.0390833
0.32925
0.140494
0.104026
-0.103068
0.0596016
0.137045
-0.0516263
0.0384519
0.27709
0.024284
0.181539
0.0725292
-0.0101735
0.136705
0.0358383
0.0337149
0.0121114
-0.0528237
0.226829
0.36105
0.00582396
0.292677
-0.0592346
0.263587
0.0172506
0.192156
-0.0224844
0.0516377
0.177993
0.0800118
-0.0484931
0.0276833
-0.0698377
0.0337043
0.0309008
0.429674
0.174558
0.104539
-0.073235
0.0988669
0.0204464
-0.0164901
0.0390172
-0.00530193
-0.332147
0.22404
0.146262
0.176942
0.231217
0.303408
0.356899
0.0911243
0.125124
0.204409
0.39268
0.16367
-0.0347773
0.365272
0.21565
0.254639
-0.268477
0.32415
0.0991125
0.237589
-0.060513
0.183003
0.181353
0.0724121
0.101656
0.0576255
-0.0946653
-0.0757377
0.0149835
0.167319
-0.105461
0.0529507
-0.0954251
0.0891636
0.030412
-0.0988606
-0.021871
-0.0113422
-0.0433192
-0.131478
0.0224349
0.0230426
-0.00314539
0.150922
-0.0817865
-0.142639
0.128965
0.00360981
-0.015994
0.146115
-0.217413
0.033007
0.023159
0.0691794
-0.144641
0.0254506
0.190842
0.0581316
-0.0456263
0.061476
0.133854
-0.145655
0.00050644
0.0755405
-0.0900123
-0.066447
0.246103
-0.0344464
0.034874
0.165102
0.178884
0.227658
0.230347
0.0472707
0.31148
0.126904
0.0504301
0.174327
0.173698
-0.0261502
0.343892
0.185756
-0.116872
-0.0158111
-0.0554659
0.0814859
0.129808
0.120704
0.13273
0.279293
0.1705
0.113996
0.0682471
0.0854014
0.00434385
0.0587873
-0.015257
-0.0318817
-0.0380336
-0.188228
0.0248027
0.0253135
-0.119207
-0.186922
0.285515
-0.056495
-0.0104273
0.252867
0.00525727
0.174149
0.0243882
-0.071645
0.0788765
0.176671
0.30652
-0.28644
0.0727343
0.488535
0.233404
0.11703
0.315132
-0.0283984
-0.1784
0.0261071
0.193942
-0.235561
0.234549
0.00331851
-0.0167191
0.00558675
0.166482
-0.111244
-0.101827
-0.18854
0.0620816
0.00431274
0.0576203
-0.0411898
0.125916
0.107382
-0.0875864
-0.110383
0.085926
-0.0552137
0.0529684
0.299247
0.132782
0.185513
-0.0784135
-0.00527509
-0.0664539
0.0411422
-0.0794357
0.0364556
0.249125
-0.0326423
0.288083
0.198296
-0.0135764
0.00883464
-0.0618137
-0.00829377
0.0917789
0.194798
0.0877716
0.0224031
-0.00300231
0.014053
0.101597
-0.177219
0.053853
-0.0605337
0.192409
0.108106
0.127729
0.0974199
0.294893
0.110917
0.106151
0.230811
-0.0677988
0.119659
0.110397
0.255383
0.148435
0.410757
0.0946128
-0.154027
-0.058951
-0.152321
0.124234
0.115465
0.15751
0.175674
0.243824
0.182767
0.0158525
0.0804347
0.00534737
0.149038
0.106844
0.114889
0.0643084
0.256477
-0.121729
0.222443
0.22307
-0.027803
0.256054
0.178151
0.158477
-0.0479711
0.0668385
0.044107
-0.0861331
0.0293809
0.0618087
0.0622549
0.152671
-0.0553721
-0.0934309
-0.102557
0.167675
0.415032
0.454355
-0.0256495
-0.138069
0.0148195
-0.0998899
0.00983453
-0.0736167
-0.183972
0.0234395
-0.0581903
-0.0177397
0.421517
0.131349
0.104794
0.188705
0.187096
0.0833987
0.342003
-0.0949854
0.298181
-0.0479971
-0.0765221
0.0237885
0.388789
0.209838
0.0915026
-0.0383145
-0.0326508
0.0508854
0.0903151
0.205997
0.136764
0.28499
-0.0996091
0.282995
0.163522
-0.042139
0.0784854
0.081893
-0.0633772
0.0443729
0.368228
-0.0104775
-0.0160102
0.205861
-0.126838
0.170642
-0.0400459
0.035689
0.084428
-0.173407
0.0521896
0.105504
0.174063
-0.0438242
0.0285327
0.0738622
0.0480239
-0.124579
0.0507928
0.221414
0.0673814
-0.105841
0.0179579
0.303649
-0.139156
0.296675
0.343782
0.0896583
0.175149
0.288156
0.172599
0.325002
0.15027
0.228986
0.279328
0.18636
0.207797
0.0100056
0.145863
0.0792161
-0.111211
-0.0477997
0.147469
0.119776
0.180855
-0.0829016
0.124258
0.0290794
-0.0185048
0.191025
0.0295244
0.214916
0.194544
0.118889
0.0450445
0.176962
-0.074916
0.198909
-0.115732
0.0694039
-0.0326175
0.0654785
-0.121169
0.0720869
0.299473
0.071725
0.101307
0.207606
0.0357567
-0.163208
0.16989
0.110735
-0.0156561
0.0737962
0.033576
0.219914
0.19069
0.273971
0.158732
0.118436
-0.134399
-0.162859
0.106119
-0.0128323
-0.0178553
0.261149
-0.0955762
0.0361721
-0.0967098
-0.142501
-0.0498395
0.127746
0.0701113
0.0602095
0.233157
0.164635
0.23419
0.0416317
0.086163
0.0650899
0.271262
0.0884433
0.145089
-0.0836373
0.0392425
-0.0216179
0.211709
0.0256579
-0.0266677
0.211834
0.131339
-0.0748933
-0.00623571
0.0401714
-0.0718428
0.0301404
0.150618
0.130528
0.161519
-0.18282
0.125369
0.276996
-0.101319
-0.0331865
-0.0667773
-0.174164
0.0750901
0.113386
0.0164819
0.0480086
-0.0124422
0.221376
-0.12036
-0.0424288
0.148562
0.0773787
0.0760002
0.0532995
0.050599
-0.149839
-0.0254817
-0.000245681
0.123847
-0.0451238
0.0466725
0.0659087
0.0308239
-0.136344
0.147143
0.0921794
0.236334
-0.0954926
-0.139746
-0.153651
0.0123304
-0.0235399
0.0375699
0.0774595
0.042308
-0.104767
0.00941651
0.0619105
0.0905436
0.0284618
-0.077728
-0.248734
0.13557
-0.0872269
-0.14541
0.216226
0.221457
0.0443717
0.0221533
0.121753
0.126049
0.128448
0.0187819
-0.0188607
0.221208
0.0404432
-0.0393185
0.0479178
-0.0592775
0.0413854
-0.115334
0.0564284
0.250997
0.0536379
0.194278
-0.00931863
-0.0957484
0.18712
-0.0155174
0.051372
-0.0642089
0.0709797
-0.119301
0.101797
-0.0666
0.0806475
0.149215
0.166715
-0.153667
0.0261292
-0.141474
0.150348
-0.128778
0.274048
0.0707744
0.017599
0.137375
0.19778
0.392917
0.119183
0.158528
-0.0643862
-0.178813
0.290663
-0.0572866
-0.167671
0.00841484
-0.0177091
-0.0189666
0.0706323
0.060961
0.330721
-0.0867706
-0.0367929
0.0700625
-0.0787537
-0.000438627
0.0248782
0.317534
0.20269
-0.0511098
0.147053
-0.0300025
0.204056
-0.0033391
0.208112
0.243152
0.211828
0.145777
-0.025147
0.0185344
-0.0605398
0.0705512
0.0998991
-0.0138289
-0.025612
-0.0370903
0.0570403
-0.161349
0.267085
0.157599
-0.0776699
0.334573
0.241897
0.0131722
0.0201792
-0.175448
0.0795858
-0.0694766
-0.0749619
-0.296792
0.286453
-0.0961553
-0.000650704
-0.169683
0.0753006
0.139646
-0.198498
0.151279
0.0843024
0.192958
-0.0302599
-0.0412884
-0.155915
-0.143146
0.356738
0.254357
0.387642
0.120361
0.0161589
0.146011
-0.163946
-0.0446489
-0.0693869
0.153977
0.1505
0.219269
0.0500477
-0.0835955
-0.0365059
0.152223
0.124019
0.19509
0.0655032
0.0805747
0.171799
0.0851673
0.115501
0.233985
0.171317
-0.0100924
-0.0708922
-0.0233014
0.207724
-0.0392026
0.256531
-0.170201
-0.203616
0.0534021
-0.095568
0.474675
-0.169346
0.0315836
-0.0813206
0.194268
-0.032159
0.158044
0.110298
-0.00839194
0.112163
0.092201
-0.0402914
-0.114325
0.235637
-0.119384
0.21137
-0.165485
-0.182124
0.166422
0.0249498
-0.0731039
0.0599102
-0.0975236
0.0748848
0.080382
0.0054986
-0.190793
0.101815
0.220156
0.0530765
-0.148869
-0.257419
-0.0521595
0.21028
0.143203
0.181696
0.0816652
0.329927
0.0704692
0.0912124
-0.191139
-0.0112626
0.0412608
-0.129649
-0.102594
-0.0981827
0.354942
0.17497
-0.146725
0.0254495
0.0234669
-0.0573137
-0.0722564
-0.0515041
-0.071459
0.0704511
-0.0162466
-0.020009
0.152055
0.0277584
0.179319
0.196704
-0.0176239
0.0181238
0.147105
-0.0828359
0.134871
0.0888237
0.0778159
-0.154919
0.151724
-0.0810548
0.0735196
0.0439416
0.0397685
0.0412195
-0.0326485
0.203002
0.0905893
-0.00557752
-0.0552759
-0.232562
0.208304
0.0150009
0.047052
-0.035947
-0.0667955
0.121212
-0.00653903
0.051686
-0.0640912
0.0431916
0.0561273
0.125995
0.15201
0.147299
-0.027348
0.2559
0.00415476
0.0968967
0.27968
0.0790558
-0.0221533
0.0680576
0.103271
-0.218507
0.232818
0.218381
0.12047
0.249531
-0.00194005
0.0360837
0.141938
-0.201016
0.212446
0.18814
0.175096
0.0247695
-0.00202018
0.18442
0.127609
-0.179247
0.0784036
-0.00643155
0.230568
0.0577549
0.0785781
-0.0734638
0.175257
0.176152
0.340419
-0.0487835
-0.27613
0.0993398
0.262765
0.0965711
0.296018
-0.0798521
-0.0831405
0.306137
0.236563
0.0290808
-0.0895701
0.0964107
0.188741
-0.00266254
-0.129082
0.315143
