0.429561
0.87502
0.802497
0.793108
0.61394
0.630635
0.871942
0.6682
0.540209
0.858987
0.667753
0.570155
0.724594
0.648781
0.688422
0.569229
0.828732
0.658442
0.737116
0.654022
0.635935
0.707762
0.692641
0.593719
0.463705
0.611675
0.633492
0.626174
0.589159
0.520377
0.691475
0.651576
0.407265
0.789691
0.478916
0.608928
0.503382
0.574424
0.706527
0.606921
0.609819
0.533882
0.830883
0.649486
0.448957
0.649298
0.652956
0.335437
0.70849
0.755832
0.562386
0.774754
0.586836
0.571489
0.702106
0.690559
0.693615
0.8511
0.440528
0.378004
0.744743
0.534466
0.573918
0.64468
0.753745
0.618914
0.732398
0.611298
0.474329
0.440207
0.588185
0.800317
0.438373
0.74576
0.525884
0.835232
0.682411
0.617228
0.595211
0.47479
0.640268
0.615317
0.854748
0.775679
0.767114
0.586411
0.693577
0.593346
0.603274
0.479004
0.656196
0.673341
0.22193
0.553791
0.570401
0.649265
0.628215
0.632286
0.199725
0.685634
0.801827
0.735087
0.766193
0.664916
0.677648
0.663266
0.674216
0.809058
0.718449
0.774274
0.440489
0.78395
0.274922
0.797044
0.680222
0.475347
0.397419
0.538611
0.587737
0.614682
0.465805
0.685019
0.551326
0.546538
0.575919
0.608726
0.377542
0.751397
0.783417
0.736552
0.665114
0.560359
0.164918
0.656054
0.684656
0.759515
0.594509
0.58218
0.611034
0.735518
0.853497
0.723522
0.72731
0.786876
0.49102
0.689319
0.768741
0.482991
0.443038
0.506271
0.315592
0.583022
0.31368
0.742327
0.260927
0.716854
0.61442
0.708174
0.6082
0.726666
0.597243
0.787647
0.689822
0.644215
0.747336
0.831535
0.726957
0.586607
0.395765
0.392835
0.461452
0.180864
0.734952
0.613528
0.68125
0.516909
0.789061
0.582072
0.5689
0.468354
0.461005
0.24913
0.609898
0.706603
0.251249
0.530945
0.821495
0.358376
0.732642
0.43471
0.416167
0.56379
0.698351
0.605914
0.711387
0.64929
0.577527
0.796108
0.749601
0.692094
0.752017
0.327396
0.406015
0.637041
0.56423
0.632285
0.296327
0.411334
0.598502
0.526949
0.6218
0.794334
0.732359
0.535917
0.750121
0.763519
0.842304
0.638815
0.615548
0.605966
0.668788
0.165887
0.197425
0.576005
0.465598
0.792876
0.786925
0.855255
0.796758
0.579735
0.557884
0.39594
0.829816
0.64297
0.580008
0.577498
0.456428
0.532801
0.378962
0.837004
0.671562
0.78693
0.684067
0.597034
0.772036
0.671096
0.601379
0.735511
0.646555
0.50604
0.646721
0.759569
0.563841
0.577739
0.396487
0.573402
0.517561
0.671181
0.687651
0.688064
0.700972
0.796488
0.452881
0.462966
0.518033
0.708826
0.752385
0.776046
0.68658
0.563759
0.502052
0.455711
0.64614
0.594401
0.639699
0.768396
0.561319
0.801351
0.621932
0.622966
0.593451
0.749169
0.819853
0.513246
0.64713
0.696249
0.626182
0.690607
0.527896
0.810695
0.441454
0.561428
0.817541
0.729057
0.847011
0.483382
0.630913
0.497404
0.807054
0.774651
0.722438
0.736806
0.752014
0.703803
0.659199
0.277956
0.66262
0.550377
0.755455
0.720916
0.649527
0.731468
0.775376
0.70809
0.622397
0.602287
0.557409
0.608844
0.666104
0.474106
0.322359
0.65476
0.466893
0.572128
0.666946
0.263666
0.472788
0.5878
0.395132
0.167512
0.699156
0.568119
0.719228
0.48907
0.730437
0.536449
0.667659
0.6524
0.569175
0.634409
0.420812
0.605744
0.688688
0.604225
0.615257
0.843532
0.492769
0.769758
0.780753
0.335696
0.353762
0.457181
0.359433
0.514313
0.509292
0.0868226
0.6121
0.667162
0.687138
0.546717
0.503758
0.674318
0.640878
0.712056
0.565686
0.650153
0.624165
0.57614
0.593757
0.662894
0.547369
0.571235
0.626474
0.73473
0.421131
0.431599
0.372788
0.408822
0.805809
0.796062
0.738022
0.672836
0.677943
0.670026
0.545945
0.403867
0.717262
0.683702
0.901748
0.553549
0.673336
0.658761
0.776664
0.629033
0.540431
0.635494
0.829297
0.683537
0.480696
0.6524
0.525548
0.772233
0.888139
0.761853
0.700602
0.690545
0.552688
0.804626
0.73848
0.608044
0.513873
0.747649
0.75392
0.71871
0.72413
0.420123
0.759704
0.68409
0.374562
0.605339
0.762103
0.691877
0.514833
0.51979
0.673549
0.72366
0.67976
0.781333
0.718664
0.658456
0.753681
0.474342
0.679906
0.711462
0.79135
0.714041
0.500011
0.539486
0.675262
0.605579
0.52216
0.812074
0.701755
0.580058
-0.0195412
0.562144
-0.0320724
0.0415789
-0.0327724
0.0431458
0.465576
0.417333
0.728069
0.705019
0.629253
0.815054
0.74301
0.717671
0.875954
0.763477
0.671006
0.483539
0.618075
0.681855
0.535851
0.590758
0.706782
0.584374
0.556806
0.413808
0.542864
0.795599
0.564477
0.314215
0.626896
0.729246
0.817182
0.500077
0.45437
0.811865
0.525547
0.70284
0.876561
0.853382
0.488476
0.555281
0.670475
0.573045
0.656587
0.792331
0.886859
0.574335
0.640256
0.735724
0.534028
0.536498
0.657587
0.555693
0.619649
0.670272
0.653561
0.728201
0.668249
0.614967
0.623955
0.567631
0.516091
0.748242
0.657015
0.704872
0.737047
0.839997
0.567832
0.715386
0.607305
0.621098
0.818509
0.594437
0.751561
0.571057
0.668968
0.590569
0.627289
0.735087
0.756089
0.739504
0.301019
0.291967
0.498347
0.440072
0.741243
0.462832
0.632727
0.840912
0.717583
0.666057
0.694329
0.652931
0.501316
0.471751
0.58548
0.277276
0.559787
0.573512
0.264938
0.742085
0.4389
0.563727
0.519629
0.464365
0.502066
0.512373
0.707945
0.74093
0.355339
0.638686
0.369668
0.585471
0.666987
0.532669
0.592965
0.46353
0.430454
0.829374
0.574585
0.84235
0.70972
0.526382
0.648025
0.526738
0.268794
0.670517
0.342082
0.677227
0.623883
0.521181
0.702255
0.612149
0.682842
0.593134
0.560041
0.338896
0.454305
0.756944
0.737366
0.478313
0.521699
0.725663
0.587856
0.696142
0.598467
0.69612
0.638503
0.790341
0.624377
0.604351
0.559555
0.577412
0.601937
0.382098
0.554162
0.688461
0.712525
0.680161
0.686342
0.599201
0.544498
0.848206
0.655858
0.71447
0.760379
0.677333
0.650302
0.639953
0.660651
0.472741
0.443459
0.638587
0.878839
0.811174
0.85215
0.602179
0.607053
0.555684
0.837572
0.743149
0.720814
0.475837
0.320951
0.230842
0.304133
0.726436
0.707321
0.0235489
0.311796
0.240428
0.325653
0.568478
0.644542
0.629907
0.641055
0.805151
0.690857
0.901663
0.803651
0.216319
0.724903
0.48654
0.647061
0.75988
0.680014
0.68439
0.766769
0.688682
0.458441
0.68754
0.541398
0.616004
0.450298
0.614185
0.713701
0.571676
0.766344
0.742992
0.644885
0.626357
0.568933
0.381014
0.320677
0.181708
0.438023
0.463208
0.493808
0.51984
0.033278
0.509694
0.773198
0.682579
0.725585
0.695308
0.780711
0.816321
0.755854
0.502326
0.619464
0.624195
0.637013
0.622478
0.509256
0.494704
0.528755
0.804889
0.699149
0.678425
0.710688
0.707808
0.623774
0.685785
0.641044
0.27831
0.858934
0.548219
0.853987
0.52249
0.522781
0.585738
0.616824
0.416306
0.647198
0.680745
0.519576
0.521723
0.7655
0.686872
0.666136
0.674086
0.730855
0.755684
0.724161
0.7765
0.676811
0.674521
0.514264
0.801399
0.539489
0.414019
0.400896
0.448759
0.321236
0.355779
0.537523
0.240222
0.702477
0.768906
0.725939
0.622183
0.453457
0.774136
0.644248
0.713016
0.430744
0.373205
0.170767
0.46379
0.184966
0.597324
0.0256215
0.933597
0.733743
0.683328
0.636421
0.632255
0.367133
0.31538
0.731951
0.544527
0.76667
0.787912
0.504808
0.771172
0.537688
0.697812
0.734174
0.976254
0.635522
0.629031
0.787083
0.817603
0.659598
0.918985
0.568725
0.74438
0.503973
0.623237
0.722383
0.694921
0.687399
0.753832
0.66116
0.42071
0.816404
0.600763
0.848045
0.452144
0.622663
0.580254
0.691518
0.484881
0.495112
0.420227
0.73361
0.531709
0.591348
0.405297
0.608264
0.135311
0.772865
0.671197
0.655845
0.788736
0.71026
0.654018
0.620566
0.504979
0.608782
0.534979
0.465561
0.609449
0.723314
0.684489
0.440355
0.54949
0.863178
0.387432
0.848162
0.877685
0.36511
0.527882
0.655371
0.384729
0.407298
0.483656
0.69855
0.63976
0.553853
0.703218
0.578118
0.659645
0.740904
0.769284
0.302242
0.296309
0.656964
0.677834
0.480671
0.764547
0.588068
0.750228
0.387681
0.914189
0.650118
0.594345
0.618656
0.55255
0.496741
0.362757
0.604961
0.473538
0.318197
0.428173
0.559055
0.312904
0.666631
0.594828
0.736013
0.75613
0.434259
0.921543
0.694866
0.655294
0.751346
0.426805
0.698543
0.519026
0.549285
0.38465
0.734392
0.530741
0.65232
0.720091
0.637022
0.51852
0.815335
0.452387
0.748884
0.612445
0.697194
0.737112
0.453545
0.605499
0.387493
0.51271
0.643656
0.535407
0.479259
0.69268
0.334947
0.676308
0.678659
0.630747
0.622467
0.741957
0.516695
0.697116
0.68296
0.605301
0.795073
0.535977
0.601491
0.64336
0.645843
0.411586
0.544567
0.663704
0.435538
0.732325
0.724422
0.739059
0.625123
0.724356
0.484621
0.601512
0.47672
0.48354
0.544833
0.551832
0.727048
0.500036
0.397407
-0.119015
0.215359
0.452538
0.768245
0.657027
0.772735
0.681264
0.669545
0.599024
0.591324
0.669423
0.68173
0.601375
0.582994
0.354506
0.43449
0.670834
0.821783
0.717686
0.614098
0.653854
0.581123
0.827584
0.583895
0.0712257
0.669897
0.613424
0.62758
0.892573
0.483709
0.612646
0.645724
0.231042
0.826845
0.28412
0.729208
0.651089
0.636388
0.605976
0.595276
0.650596
0.805477
0.21783
0.801249
0.629536
0.477261
0.536385
0.724364
0.586
0.747562
0.491799
0.633144
0.466119
0.561083
0.456701
0.609125
0.538272
0.670734
0.632667
0.364812
0.595728
0.545379
0.633752
0.571784
0.654854
0.721126
0.699059
0.613502
0.515078
0.821532
0.865314
0.865429
0.740185
0.736567
0.900323
0.415722
0.703926
0.737768
0.5603
0.601986
0.535212
0.535535
0.840258
0.710108
0.547489
0.883909
0.683343
0.46175
0.522734
0.793659
0.614425
0.605531
0.525325
0.548752
0.501303
0.580068
0.720106
0.831856
0.557494
0.377009
0.33893
0.784043
0.873018
0.560255
0.570949
0.492575
0.52067
0.848504
0.61638
0.530034
0.572045
0.564003
0.349564
0.319366
0.711319
0.706008
0.760598
0.558937
0.639258
0.643812
0.833368
0.520502
0.65061
0.730702
0.602452
0.361031
0.704807
0.627981
0.461059
0.5512
0.502735
0.384811
0.590782
0.747092
0.798367
0.695553
0.741355
0.626393
0.368603
0.670517
0.702655
0.618367
0.803292
0.680479
0.776936
0.568433
0.408669
0.82696
0.552919
0.539771
0.567736
0.643784
0.687583
0.543711
0.634825
0.563509
0.650335
0.52741
0.619997
0.261266
0.444016
0.59788
0.600165
0.753013
0.75409
0.747786
0.767021
0.649316
0.638536
0.584823
0.491569
0.392254
0.538915
0.701826
0.655871
0.758685
0.560924
0.569584
0.836619
0.753886
0.699243
0.649175
0.908111
0.752905
0.819446
0.513027
0.640514
0.347337
0.268131
0.501238
0.288095
0.93046
0.666452
0.624435
0.738699
0.737986
0.456313
0.381511
0.508367
0.544988
0.518514
0.386903
0.732125
0.652059
0.650609
0.548374
0.638525
0.542667
0.547287
0.689537
0.694543
0.612954
0.639985
0.983851
0.754954
0.78024
0.701671
0.698591
0.705558
0.570811
0.470418
0.241286
0.427422
0.303591
0.417135
0.458873
0.627065
0.618545
0.579393
0.370812
0.610661
0.611257
0.527382
0.586944
0.679428
0.46276
0.369326
0.486231
0.453036
0.777805
0.656443
0.76102
0.473209
0.933627
0.725787
0.520776
0.630364
0.73336
0.396742
0.703277
0.541607
0.629356
0.472147
0.356367
0.577047
0.613197
0.631592
0.540868
0.691923
0.847864
0.704957
0.504357
0.432837
0.581254
0.674217
0.729498
0.751645
0.625007
0.69041
0.46619
0.692067
0.779204
0.859778
0.021828
0.503454
0.819731
0.219007
0.0283887
0.663958
0.787129
0.583066
0.621237
0.602636
0.489405
0.655509
0.499652
0.645077
0.768757
0.698827
0.624005
0.536737
0.629078
0.660597
0.685391
0.638704
0.594379
0.587826
0.5728
0.446533
0.405309
0.537735
0.478683
0.720122
0.641309
0.43808
0.592553
0.511211
0.402036
0.372238
0.485187
0.714006
0.681338
0.700121
0.396539
0.356117
0.384875
0.750167
0.316369
0.457679
0.215229
0.586948
0.634468
0.443556
0.737125
0.497928
0.342186
0.427163
0.689691
0.567927
0.64953
0.583374
0.848317
0.510148
0.572156
0.746377
0.496098
0.569236
0.607465
0.786172
0.757216
0.525293
0.574625
0.48594
0.79071
0.545897
0.57559
0.608893
0.796602
0.573032
0.59241
0.526528
0.816022
0.575944
0.59177
0.626351
0.850006
0.584472
0.614553
0.643515
0.526029
0.591326
0.752937
0.456954
0.633421
0.523736
0.41964
0.50473
0.622622
0.533236
0.571065
0.439982
0.529146
0.356379
0.574646
0.678976
0.775384
0.682826
0.702405
0.632243
0.275495
0.503425
0.581769
0.574109
0.526259
0.48669
0.433492
0.477098
0.636222
0.447951
0.534343
0.673028
0.613376
0.618956
0.681022
0.684215
0.777082
0.485923
0.542741
0.7877
0.710875
0.586476
0.451892
0.380878
0.47221
0.720281
0.696775
0.783255
0.811928
0.696957
0.762999
0.852075
0.816502
0.811339
0.877095
0.367141
0.592439
0.590577
0.499385
0.557672
0.436135
0.632679
0.835136
0.575549
0.467772
0.65003
0.3361
0.564463
0.591916
0.674632
0.662728
0.594239
0.168483
0.221459
0.394355
0.600181
0.553335
0.548386
0.57405
0.497807
0.461543
0.619601
0.575738
0.815985
0.59115
0.708373
0.376286
0.5153
0.731261
0.826934
0.726155
0.736013
0.827856
0.809075
0.82231
0.747083
0.683966
0.613838
0.660152
0.676439
0.582843
0.69153
0.543429
0.442234
0.627342
0.309699
0.556866
0.646659
0.566097
0.566907
0.770809
0.647456
0.457509
0.592339
0.799995
0.5931
0.34279
0.589482
0.38539
0.468655
0.63659
0.559998
0.496305
0.440137
0.790217
0.780713
0.717333
0.484338
0.382494
0.472793
0.66904
0.15195
0.907272
0.823289
0.607549
0.8596
0.717063
0.599114
0.225664
0.571527
0.532339
0.704413
0.695063
0.727366
0.695147
0.466365
0.692272
0.475479
0.761054
0.523549
0.380187
0.698868
0.235156
0.531461
0.658967
0.698687
0.56013
0.75547
0.7297
0.651178
0.623064
0.59
0.616783
0.641704
0.752533
0.708547
0.463369
0.626245
0.654684
0.569172
0.611806
0.614672
0.652377
0.69619
0.578267
0.624182
0.594293
0.715473
0.64837
0.805388
0.455539
0.381497
0.57121
0.32973
0.653918
0.751482
0.805983
0.653944
0.659047
0.560543
0.654453
0.31719
0.399442
0.749583
0.637229
0.389255
0.306076
0.367872
0.533744
0.490935
0.469204
0.845268
-0.0114542
0.839284
0.854224
0.57137
0.696601
0.632815
0.781137
0.87992
0.734406
0.736068
0.5842
0.75913
0.546866
0.695291
0.646447
0.707112
0.669756
0.698353
0.385271
0.655944
0.500927
0.584891
0.570113
0.577713
0.567304
0.803747
0.71503
0.649051
0.553112
0.617666
0.674554
0.566452
0.499044
0.517776
0.831123
0.390091
0.413239
0.293223
0.702018
0.734077
0.57517
0.486072
0.830242
0.469541
0.743908
0.39888
0.748401
0.586398
0.461547
0.705576
0.48493
0.529936
0.799538
0.713492
0.722439
0.585911
0.74328
0.621977
0.610453
0.642064
0.676485
0.761781
0.396938
0.802822
0.740775
0.588612
0.664016
0.583159
0.614569
0.676362
0.786704
0.634286
0.812855
0.700364
0.590828
0.710492
0.744784
0.334339
0.535646
0.466968
0.503623
0.558877
0.341348
0.600073
0.542222
0.549975
0.729064
0.555671
0.493396
0.657364
0.424895
0.452805
0.72629
0.480246
0.506698
0.555943
0.648934
0.465285
0.826019
0.724899
0.797843
0.413264
0.482874
0.490365
0.61632
0.390226
0.504124
0.753727
0.878537
0.697437
0.711322
0.467239
0.687442
0.469498
0.591748
0.843448
0.580587
0.589415
0.452639
0.595294
0.640578
0.439117
0.510078
0.576794
0.640644
0.66188
0.544315
0.574256
0.62171
0.506005
0.636396
0.619232
0.342295
0.733933
0.469075
0.403714
0.788592
0.782088
0.594331
0.594582
0.468737
0.497132
0.625637
0.716156
0.722185
0.655798
0.665587
0.713748
0.665339
0.877275
0.654852
0.736277
0.650866
0.795305
0.800876
0.697079
0.510493
0.477214
0.679448
0.375068
0.417391
0.415346
0.543575
0.610211
0.35855
0.534636
0.711088
0.587986
0.636708
0.714983
0.589083
0.745759
0.678343
0.806908
0.307376
0.145873
0.382517
0.603588
0.79233
0.439234
0.403262
0.670145
0.724706
0.795578
0.617306
0.342666
0.582567
0.556426
0.458944
0.651751
0.730918
0.115942
0.456127
0.514785
0.569962
0.807945
0.641531
0.586146
0.740568
0.429804
0.765229
0.726943
0.561585
0.436752
0.696177
0.454646
0.499666
0.512406
0.629223
0.734934
0.713825
0.580531
0.66821
0.598568
0.549904
0.715822
0.766319
0.43947
0.455647
0.578871
0.471577
0.24346
0.54937
0.668791
0.898802
0.799837
0.518751
0.502368
0.550024
0.689411
0.685907
0.729932
0.758175
0.691009
0.962358
0.949557
0.879307
0.873115
0.543338
0.570386
0.616048
0.698026
0.677673
0.687162
0.503372
0.318153
0.29836
0.173991
0.770502
0.492235
0.874522
0.744836
0.611978
0.664137
0.860123
0.694686
0.713159
0.468291
0.580542
0.784038
0.764576
0.807505
0.814618
0.703937
0.75827
0.832854
0.531927
0.467846
0.863771
0.819262
0.734888
0.695145
0.726213
0.443354
0.423596
0.611393
0.476663
0.588772
0.609394
0.502807
0.545894
0.617475
0.819865
0.774363
0.70262
0.54215
0.564613
0.326767
0.343171
0.482055
0.406313
0.48174
0.61353
0.487064
0.488562
0.789158
0.786563
0.8632
0.673394
0.67678
0.767958
0.580545
0.356891
0.750007
0.677887
0.696689
0.609615
0.752153
0.673999
0.44194
0.571909
0.544075
0.771181
0.510757
0.420641
0.201018
0.566633
0.593987
0.631782
0.738058
0.251079
0.391915
0.507787
0.837506
0.650769
0.664154
0.454618
0.583945
0.588648
0.632391
0.629001
0.706119
0.55181
0.470461
0.544966
0.568416
0.335784
0.781286
0.531111
0.689487
0.626425
0.715097
0.725217
0.718228
0.4814
0.711756
0.654262
0.604733
0.552972
0.379189
0.742192
0.735159
0.76719
0.435918
0.507281
0.777952
0.72763
0.620898
0.746761
0.0566971
0.402449
0.296343
0.497008
0.711327
0.747778
0.707964
0.800052
0.396782
0.743874
0.636335
0.795184
0.237901
0.620836
0.480132
0.621209
0.527553
0.656189
0.739854
0.675368
0.885894
0.852747
0.666262
0.529275
0.510102
0.44805
0.79129
0.793087
0.637564
0.78596
0.474925
0.701388
0.686089
0.649891
0.697628
0.637059
0.739294
0.81985
0.852358
0.619639
0.392634
0.675595
0.779941
0.647856
0.791866
0.822894
0.719932
0.676829
0.633411
0.566921
0.491974
0.590992
0.419964
0.729381
0.226776
0.731867
0.696575
0.519791
0.733029
0.684072
0.779545
0.491677
0.625463
0.69673
0.607606
0.643107
0.804169
0.866197
0.641159
0.509221
0.612685
0.591246
0.649858
0.59786
0.673067
0.643257
0.777577
0.628327
0.686443
0.874328
0.646088
0.629937
0.642436
0.656078
0.576794
0.544577
0.775671
0.760188
0.834974
0.767941
0.602684
0.61078
0.756203
0.764549
0.370588
0.430297
0.567576
0.434057
0.651137
0.725404
0.830227
0.681422
0.405046
0.459443
0.558274
0.596468
0.745331
0.840901
0.863393
0.799547
0.728587
0.667969
0.637218
0.584243
0.65564
0.679387
0.594563
0.638509
0.743467
0.752288
0.889815
0.658342
0.474412
0.531116
0.48117
0.668822
0.11932
0.685659
0.628999
0.671991
0.658698
0.707206
0.36087
0.540487
0.724411
0.719575
0.516798
0.722082
0.519072
0.640499
0.619462
0.416995
0.399787
0.391162
0.549602
0.36014
0.828645
0.811142
0.562159
0.428348
0.393329
0.68366
0.35658
0.596663
0.611701
0.776706
0.590673
0.619419
0.393534
0.634648
0.843301
0.690669
0.780303
0.56934
0.558991
0.645337
0.576317
0.739611
0.660885
0.6912
0.656647
0.53099
0.764204
0.643364
0.623414
0.645373
0.461184
0.690704
0.532246
0.538382
0.563731
0.855018
0.633109
0.775787
0.648703
0.642846
0.555971
0.712034
0.638127
0.606866
0.448916
0.652119
0.694734
0.819325
0.782911
0.700864
0.806568
0.708288
0.619729
0.830798
0.764697
0.612152
0.571342
0.503779
0.869688
0.457212
0.563902
0.716032
0.689069
0.699163
0.755894
0.532049
0.545685
0.815895
0.665467
0.846041
0.931069
0.787317
0.383904
0.507219
0.602652
0.704763
0.90206
0.460831
0.833859
0.593964
0.692419
0.755382
0.397728
0.515702
0.519825
0.579266
0.457714
0.427133
0.71555
0.508368
0.636237
0.784282
0.721042
0.488488
0.630228
0.6201
0.549363
0.459235
0.755959
0.690315
0.455196
0.605661
0.666271
0.760598
0.384884
0.460015
0.152476
0.0875439
0.476252
0.795687
0.615999
0.507195
0.677797
0.658166
0.808451
0.722272
0.754186
0.631711
0.743895
0.621416
0.611336
0.779576
0.523977
0.29646
0.582662
0.258092
0.675877
0.745103
0.627254
0.286695
0.606979
0.296044
0.783991
0.70479
0.410332
0.353253
0.466636
0.38647
0.688891
0.659191
0.617608
0.648473
0.6442
0.61723
0.574967
0.624673
0.749167
0.791797
0.526935
0.756895
0.620766
0.589985
0.497365
0.5556
0.598161
0.710284
0.0128775
0.413251
0.545195
-0.0951717
0.727761
0.774463
0.754499
0.351457
0.55891
0.649036
0.283416
0.800562
0.702816
0.614795
0.452244
0.512771
0.50296
0.699585
0.649488
0.488993
0.496311
0.590337
0.515361
0.315078
0.473635
0.57918
0.723013
0.62679
0.362059
0.444137
0.729704
0.517511
0.612487
0.60596
0.848624
0.627879
0.669165
0.599144
0.639385
0.715715
0.390476
0.642748
0.639853
0.69164
0.684046
0.563293
0.225309
0.806361
0.526906
0.227159
0.390671
0.695828
0.474079
0.631988
0.432863
0.55978
0.662608
0.736782
0.629795
0.72481
0.637595
0.549223
0.455094
0.527289
0.424724
0.450537
0.695521
0.818748
0.589965
0.777434
0.632369
0.7451
0.551988
0.284121
0.67691
0.670751
0.713163
0.6832
0.556803
0.553699
0.714675
0.593952
0.795029
0.481347
0.551156
0.546296
0.681095
0.75891
0.387347
0.556501
0.570883
0.644633
0.726243
0.416627
0.613062
0.784144
0.658921
0.68115
0.394693
0.503333
0.771016
0.783965
0.817237
0.602273
0.638806
0.504816
0.569105
0.758323
0.634212
0.606218
0.457152
0.673696
0.408781
0.19377
0.772601
0.786262
0.739547
0.697144
0.648353
0.427057
0.5503
0.808562
0.496427
0.416624
0.62143
0.652623
0.807829
0.60264
0.815151
0.45669
0.633651
0.509892
0.734471
0.563933
0.728194
0.558235
0.871822
0.86537
0.648244
0.722902
0.693051
0.557362
0.397533
0.612189
0.564801
0.572885
0.643032
0.664974
0.551304
0.635565
0.485942
0.407766
0.637246
0.578678
0.653926
0.83552
0.590442
0.472731
0.702096
0.593445
0.646069
0.6055
0.532832
0.835895
0.504737
0.512446
0.512419
0.603907
0.341963
0.132806
0.709388
0.702291
0.685555
0.695909
0.574829
0.545379
0.625663
0.877694
0.795164
0.748255
0.427644
0.686493
0.695925
0.573237
0.627488
0.627167
0.450137
0.724447
0.201705
0.462924
0.28637
0.875393
0.637066
0.747477
0.422285
0.446074
0.358551
0.33494
0.691853
0.465485
0.589707
0.790293
0.810427
0.742976
0.704065
0.665083
0.489359
0.695667
0.497637
0.630224
0.710481
0.581096
0.573447
0.780996
0.458482
0.711099
0.612102
0.618828
0.524291
0.621589
0.628345
0.751934
0.553225
0.59983
0.740894
0.744638
0.811702
0.75818
0.638961
0.727524
0.673788
0.610042
0.625902
0.45398
0.479794
0.443807
0.504894
0.653757
0.740233
0.744742
0.817394
0.766368
0.587881
0.784036
0.469933
0.691004
0.443856
0.624203
0.608792
0.611254
0.557666
0.715185
0.633158
0.653787
0.618488
0.438138
0.454435
0.773579
0.688693
0.47963
0.652256
0.560778
0.753684
0.697505
0.782145
0.7356
0.540249
0.60853
0.549598
0.513782
0.510111
0.656241
0.881889
0.544987
0.538643
0.372556
0.646284
0.425119
0.695026
0.556726
0.779175
0.471199
0.551558
0.540953
0.376503
0.395235
0.762475
0.692103
0.744395
0.611505
0.680766
0.813062
0.598823
0.595283
0.436506
0.533777
0.746507
0.617505
0.684837
0.631504
0.684446
0.659535
0.615466
0.700599
0.726575
0.423968
0.690347
0.643931
0.344449
0.409036
0.527378
0.561718
0.42188
0.343124
0.634042
0.505399
0.535846
0.51203
0.573293
0.522849
0.711298
0.415941
0.70388
0.761452
0.661293
0.650362
0.643881
0.670206
0.264686
0.299088
0.573355
0.517615
0.541364
0.508434
0.778724
0.71081
0.680099
0.764169
0.584737
0.542837
0.529984
0.505325
0.50226
0.62451
0.596153
0.559499
0.695571
0.595254
0.665349
0.707096
0.689345
0.503797
0.576301
0.719885
0.626295
0.656124
0.767177
0.596267
0.43083
0.77909
0.652383
0.572385
0.560501
0.567833
0.51503
0.697222
0.618088
0.523192
0.250204
0.683387
0.638275
0.650537
0.478205
0.755024
0.601411
0.515944
0.40322
0.435836
0.57101
0.6363
0.612648
0.224559
0.631559
0.541061
0.728905
0.693545
0.855576
0.583579
0.530454
0.466289
0.39869
0.46117
0.493816
0.576251
0.782618
0.361633
0.298473
0.761435
0.735987
0.694167
0.530158
0.524877
0.552623
0.577101
0.630919
0.709965
0.631322
0.707337
0.790006
0.689911
0.632885
0.751055
0.533022
0.489148
0.582505
0.561908
0.610249
0.738072
0.76355
0.819705
0.58875
0.535322
0.723101
0.628117
0.738132
0.479581
0.769884
0.793354
0.563916
0.486291
0.542328
0.579207
0.475215
0.672171
0.77471
0.651292
0.734712
0.667977
0.518313
0.470545
0.91636
0.769882
0.597665
0.719208
0.547702
0.700822
0.406914
0.63577
0.705553
0.523016
0.470857
0.668844
0.571023
0.637961
0.664931
0.796058
0.683581
0.46715
0.525525
0.874142
0.533626
0.694407
0.675355
0.471883
0.664309
0.530851
0.562603
0.545472
0.493828
0.669917
0.588794
0.563484
0.755675
0.742462
0.826764
0.532912
0.555965
0.838302
0.801065
0.768985
0.645459
0.321505
0.404093
0.375178
0.505876
0.504839
0.57805
0.78475
0.727671
0.636758
0.729793
0.700505
0.87775
0.713237
0.629546
0.629737
0.638588
0.716571
0.688192
0.547843
0.504938
0.689696
0.501767
0.472001
0.751934
0.585043
0.581884
0.60198
0.539708
0.641443
0.674339
0.606953
0.795314
0.708915
0.40469
0.500681
0.472993
0.622845
0.793905
0.709179
0.739541
0.666912
0.46655
0.683545
0.44337
0.736417
0.668771
0.75694
0.465727
0.75137
0.590961
0.683436
0.707119
0.601574
0.575296
0.61947
0.847956
0.605533
0.531603
0.67
0.359381
0.675428
0.354416
0.625616
0.437945
0.495115
0.683877
0.87191
0.67964
0.801235
0.627409
0.490137
0.719705
0.66573
0.666399
0.835012
0.716516
0.70708
0.31021
0.864393
0.788568
0.661485
0.663827
0.361092
0.594009
0.590996
0.627593
0.793003
0.780413
0.591692
0.720875
0.836457
0.618372
0.762617
0.695677
0.771674
0.829508
0.604911
0.633722
0.786883
0.818235
0.8406
0.447775
0.706956
0.640084
0.440992
0.681358
0.467632
0.230172
0.556377
0.640878
0.551756
0.68879
0.591343
0.685483
0.750398
0.645622
0.618079
0.692771
0.535238
0.657861
0.631533
0.510023
0.690808
0.347098
0.868139
0.805846
0.558712
0.439837
0.404374
0.762725
0.704977
0.468484
0.47411
0.513506
0.71404
0.667155
0.521679
0.676131
0.656759
0.452604
0.856832
0.806274
0.756786
0.640978
0.771115
0.664871
0.504932
0.576004
0.681574
0.774117
0.376876
0.584945
0.346645
0.662855
0.488297
0.446788
0.841165
0.776861
0.669432
0.482997
0.673356
0.490459
0.627791
0.928347
0.720837
0.709389
0.723203
0.715945
0.162868
0.439394
0.638598
0.421453
0.541755
0.855024
0.766391
0.720785
0.679892
0.735391
0.869886
0.653574
0.691777
0.522562
0.69824
0.512018
0.530493
0.650541
0.587535
0.706572
0.536743
0.570125
0.729735
0.685482
0.852424
0.485539
0.429794
0.894624
0.75164
0.777375
0.653292
0.646608
0.399801
0.506016
0.654926
0.46605
0.823537
0.806921
0.604607
0.434196
0.372762
0.56856
0.739037
0.894117
0.600477
0.726998
0.675106
0.442631
0.639143
0.681366
0.711317
0.499629
0.708545
0.561531
0.651605
0.782009
0.625756
0.40731
0.573569
0.517647
0.762689
0.47877
0.575829
0.818181
0.685097
0.314272
0.739743
0.325028
0.6872
0.833413
0.800685
0.710616
0.732513
0.480287
0.373387
0.778575
0.767185
0.75388
0.647143
0.689829
0.691475
0.600738
0.413464
0.402097
0.635131
0.216245
0.52134
0.529113
0.85906
0.560359
0.739688
0.853054
0.743808
0.690205
0.807082
0.786118
0.497814
0.620513
0.294223
0.688491
0.777441
0.740941
0.819308
0.525819
0.523455
0.604373
0.63362
0.563411
0.51321
0.560983
0.657084
0.519126
0.592026
0.533862
0.678098
0.525088
0.570912
0.677171
0.271371
0.687554
0.66029
0.798725
0.776953
0.535003
0.721888
0.684403
0.630045
0.603622
0.415656
0.501223
0.416864
0.454644
0.757408
0.587328
0.595466
0.527258
0.710046
0.58418
0.626948
0.6465
0.780181
0.75266
0.724348
0.825304
0.58506
0.476356
0.503329
0.500439
0.534347
0.621566
0.709208
0.569555
0.667141
0.513076
0.226741
0.4762
0.610712
0.504138
0.723992
0.719528
0.561558
0.814496
0.773608
0.52321
0.676795
0.330259
0.48458
0.657195
0.603251
0.481755
0.780375
0.671756
0.898326
0.487601
0.595976
0.590102
0.667327
0.82596
0.711852
0.744685
0.603705
0.727243
0.601888
0.275566
0.271269
0.666601
0.745669
0.690987
0.671143
0.642725
0.400955
0.521488
0.526395
0.696562
0.461766
0.733822
0.447216
0.691431
0.335412
0.799068
0.416004
0.677895
0.662812
0.388007
0.519925
0.461695
0.763216
0.650543
0.909243
0.781206
